049691012.jpg;282;15;618;15;618;43;282;43;text@青岛银行账户历史明细清单
049691012.jpg;65;55;275;55;275;74;65;74;text@卡号:3561599135228993
049691012.jpg;305;55;395;55;395;74;305;74;text@户名:阎想
049691012.jpg;425;55;615;55;615;74;425;74;text@起始日期:2020-07-25
049691012.jpg;645;55;835;55;835;74;645;74;text@截止日期:2022-02-28
049691012.jpg;205;91;355;91;355;110;205;110;text@操作地区:613933
049691012.jpg;385;91;515;91;515;110;385;110;text@操作网点:1036
049691012.jpg;545;91;685;91;685;110;545;110;text@操作柜员:12632
049691012.jpg;55;127;95;127;95;147;55;147;text@日期
049691012.jpg;215;127;255;127;255;147;215;147;text@账号
049691012.jpg;345;127;425;127;425;147;345;147;text@交易代码
049691012.jpg;455;127;535;127;535;147;455;147;text@交易名称
049691012.jpg;565;127;605;127;605;147;565;147;text@借贷
049691012.jpg;635;127;695;127;695;147;635;147;text@发生额
049691012.jpg;725;127;805;127;805;147;725;147;text@账户余额
049691012.jpg;835;127;875;127;875;147;835;147;text@网点
049691012.jpg;10;118;890;118;890;154;10;154;行-row@0
049691012.jpg;25;166;125;166;125;181;25;181;text@2020-07-31
049691012.jpg;155;166;315;166;315;181;155;181;text@3561599135228993
049691012.jpg;375;166;385;166;385;180;375;180;text@2
049691012.jpg;475;163;515;163;515;183;475;183;text@工资
049691012.jpg;575;163;595;163;595;183;575;183;text@借
049691012.jpg;635;166;695;166;695;181;635;181;text@559.21
049691012.jpg;725;166;805;166;805;181;725;181;text@23904.79
049691012.jpg;835;166;875;166;875;181;835;181;text@1049
049691012.jpg;10;154;890;154;890;190;10;190;行-row@1
049691012.jpg;25;202;125;202;125;217;25;217;text@2020-08-31
049691012.jpg;155;202;315;202;315;217;155;217;text@3561599135228993
049691012.jpg;375;202;385;202;385;216;375;216;text@1
049691012.jpg;475;199;515;199;515;219;475;219;text@消费
049691012.jpg;575;199;595;199;595;219;575;219;text@借
049691012.jpg;635;202;695;202;695;217;635;217;text@836.73
049691012.jpg;725;202;805;202;805;217;725;217;text@23068.06
049691012.jpg;835;202;875;202;875;217;835;217;text@1078
049691012.jpg;10;190;890;190;890;226;10;226;行-row@2
049691012.jpg;25;238;125;238;125;253;25;253;text@2020-09-30
049691012.jpg;155;238;315;238;315;253;155;253;text@3561599135228993
049691012.jpg;375;238;385;238;385;252;375;252;text@1
049691012.jpg;455;235;525;235;525;255;455;255;text@ATM取款
049691012.jpg;575;235;595;235;595;255;575;255;text@贷
049691012.jpg;635;238;695;238;695;253;635;253;text@498.45
049691012.jpg;725;238;805;238;805;253;725;253;text@23566.51
049691012.jpg;835;238;875;238;875;253;835;253;text@1031
049691012.jpg;10;226;890;226;890;262;10;262;行-row@3
049691012.jpg;25;274;125;274;125;289;25;289;text@2020-10-31
049691012.jpg;155;274;315;274;315;289;155;289;text@3561599135228993
049691012.jpg;375;274;385;274;385;288;375;288;text@2
049691012.jpg;475;271;515;271;515;291;475;291;text@工资
049691012.jpg;575;271;595;271;595;291;575;291;text@借
049691012.jpg;635;274;695;274;695;289;635;289;text@239.45
049691012.jpg;725;274;805;274;805;289;725;289;text@23327.06
049691012.jpg;835;274;875;274;875;289;835;289;text@1073
049691012.jpg;10;262;890;262;890;298;10;298;行-row@4
049691012.jpg;25;310;125;310;125;325;25;325;text@2020-11-30
049691012.jpg;155;310;315;310;315;325;155;325;text@3561599135228993
049691012.jpg;375;310;385;310;385;325;375;325;text@0
049691012.jpg;455;307;525;307;525;327;455;327;text@ATM转账
049691012.jpg;575;307;595;307;595;327;575;327;text@贷
049691012.jpg;635;310;695;310;695;325;635;325;text@263.78
049691012.jpg;725;310;805;310;805;325;725;325;text@23590.84
049691012.jpg;835;310;875;310;875;325;835;325;text@1035
049691012.jpg;10;298;890;298;890;334;10;334;行-row@5
049691012.jpg;25;346;125;346;125;361;25;361;text@2020-12-31
049691012.jpg;155;346;315;346;315;361;155;361;text@3561599135228993
049691012.jpg;375;346;385;346;385;361;375;361;text@0
049691012.jpg;455;343;525;343;525;363;455;363;text@ATM转账
049691012.jpg;575;343;595;343;595;363;575;363;text@借
049691012.jpg;635;346;685;346;685;361;635;361;text@49.82
049691012.jpg;725;346;805;346;805;361;725;361;text@23541.02
049691012.jpg;835;346;875;346;875;361;835;361;text@1009
049691012.jpg;10;334;890;334;890;370;10;370;行-row@6
049691012.jpg;25;382;125;382;125;397;25;397;text@2021-01-31
049691012.jpg;155;382;315;382;315;397;155;397;text@3561599135228993
049691012.jpg;375;382;385;382;385;396;375;396;text@1
049691012.jpg;475;379;515;379;515;399;475;399;text@工资
049691012.jpg;575;379;595;379;595;399;575;399;text@贷
049691012.jpg;635;382;695;382;695;397;635;397;text@186.42
049691012.jpg;725;382;805;382;805;397;725;397;text@23727.44
049691012.jpg;835;382;875;382;875;397;835;397;text@1002
049691012.jpg;10;370;890;370;890;406;10;406;行-row@7
049691012.jpg;25;418;125;418;125;433;25;433;text@2021-02-28
049691012.jpg;155;418;315;418;315;433;155;433;text@3561599135228993
049691012.jpg;375;418;385;418;385;432;375;432;text@1
049691012.jpg;455;415;525;415;525;435;455;435;text@ATM转账
049691012.jpg;575;415;595;415;595;435;575;435;text@贷
049691012.jpg;635;418;695;418;695;433;635;433;text@684.59
049691012.jpg;725;418;805;418;805;433;725;433;text@24412.03
049691012.jpg;835;418;875;418;875;433;835;433;text@1002
049691012.jpg;10;406;890;406;890;442;10;442;行-row@8
049691012.jpg;25;454;125;454;125;469;25;469;text@2021-03-31
049691012.jpg;155;454;315;454;315;469;155;469;text@3561599135228993
049691012.jpg;375;454;385;454;385;469;375;469;text@0
049691012.jpg;475;451;515;451;515;471;475;471;text@工资
049691012.jpg;575;451;595;451;595;471;575;471;text@借
049691012.jpg;635;454;695;454;695;469;635;469;text@594.99
049691012.jpg;725;454;805;454;805;469;725;469;text@23817.04
049691012.jpg;835;454;875;454;875;469;835;469;text@1073
049691012.jpg;10;442;890;442;890;478;10;478;行-row@9
049691012.jpg;25;490;125;490;125;505;25;505;text@2021-04-30
049691012.jpg;155;490;315;490;315;505;155;505;text@3561599135228993
049691012.jpg;375;490;385;490;385;504;375;504;text@1
049691012.jpg;455;487;525;487;525;507;455;507;text@ATM转账
049691012.jpg;575;487;595;487;595;507;575;507;text@借
049691012.jpg;635;490;695;490;695;505;635;505;text@105.22
049691012.jpg;725;490;805;490;805;505;725;505;text@23711.82
049691012.jpg;835;490;875;490;875;505;835;505;text@1009
049691012.jpg;10;478;890;478;890;514;10;514;行-row@10
049691012.jpg;25;526;125;526;125;541;25;541;text@2021-05-31
049691012.jpg;155;526;315;526;315;541;155;541;text@3561599135228993
049691012.jpg;375;526;385;526;385;541;375;541;text@0
049691012.jpg;455;523;525;523;525;543;455;543;text@ATM取款
049691012.jpg;575;523;595;523;595;543;575;543;text@借
049691012.jpg;645;526;685;526;685;541;645;541;text@1.64
049691012.jpg;725;526;805;526;805;541;725;541;text@23710.18
049691012.jpg;835;526;875;526;875;541;835;541;text@1061
049691012.jpg;10;514;890;514;890;550;10;550;行-row@11
049691012.jpg;25;562;125;562;125;577;25;577;text@2021-06-30
049691012.jpg;155;562;315;562;315;577;155;577;text@3561599135228993
049691012.jpg;375;562;385;562;385;577;375;577;text@0
049691012.jpg;475;559;515;559;515;579;475;579;text@消费
049691012.jpg;575;559;595;559;595;579;575;579;text@贷
049691012.jpg;635;562;695;562;695;577;635;577;text@305.07
049691012.jpg;725;562;805;562;805;577;725;577;text@24015.25
049691012.jpg;835;562;875;562;875;577;835;577;text@1070
049691012.jpg;10;550;890;550;890;586;10;586;行-row@12
049691012.jpg;25;598;125;598;125;613;25;613;text@2021-07-31
049691012.jpg;155;598;315;598;315;613;155;613;text@3561599135228993
049691012.jpg;375;598;385;598;385;612;375;612;text@2
049691012.jpg;475;595;515;595;515;615;475;615;text@工资
049691012.jpg;575;595;595;595;595;615;575;615;text@借
049691012.jpg;635;598;695;598;695;613;635;613;text@559.87
049691012.jpg;725;598;805;598;805;613;725;613;text@23455.38
049691012.jpg;835;598;875;598;875;613;835;613;text@1005
049691012.jpg;10;586;890;586;890;622;10;622;行-row@13
049691012.jpg;25;634;125;634;125;649;25;649;text@2021-08-31
049691012.jpg;155;634;315;634;315;649;155;649;text@3561599135228993
049691012.jpg;375;634;385;634;385;649;375;649;text@0
049691012.jpg;475;631;515;631;515;651;475;651;text@现存
049691012.jpg;575;631;595;631;595;651;575;651;text@贷
049691012.jpg;635;634;695;634;695;649;635;649;text@741.62
049691012.jpg;725;634;795;634;795;649;725;649;text@24197.0
049691012.jpg;835;634;875;634;875;649;835;649;text@1067
049691012.jpg;10;622;890;622;890;658;10;658;行-row@14
049691012.jpg;25;670;125;670;125;685;25;685;text@2021-09-30
049691012.jpg;155;670;315;670;315;685;155;685;text@3561599135228993
049691012.jpg;375;670;385;670;385;684;375;684;text@1
049691012.jpg;475;667;515;667;515;687;475;687;text@消费
049691012.jpg;575;667;595;667;595;687;575;687;text@借
049691012.jpg;635;670;695;670;695;685;635;685;text@482.62
049691012.jpg;725;670;805;670;805;685;725;685;text@23714.38
049691012.jpg;835;670;875;670;875;685;835;685;text@1057
049691012.jpg;10;658;890;658;890;694;10;694;行-row@15
049691012.jpg;25;706;125;706;125;721;25;721;text@2021-10-31
049691012.jpg;155;706;315;706;315;721;155;721;text@3561599135228993
049691012.jpg;375;706;385;706;385;720;375;720;text@1
049691012.jpg;455;703;525;703;525;723;455;723;text@ATM转账
049691012.jpg;575;703;595;703;595;723;575;723;text@贷
049691012.jpg;635;706;685;706;685;721;635;721;text@300.1
049691012.jpg;725;706;805;706;805;721;725;721;text@24014.48
049691012.jpg;835;706;875;706;875;721;835;721;text@1046
049691012.jpg;10;694;890;694;890;730;10;730;行-row@16
049691012.jpg;25;742;125;742;125;757;25;757;text@2021-11-30
049691012.jpg;155;742;315;742;315;757;155;757;text@3561599135228993
049691012.jpg;375;742;385;742;385;757;375;757;text@0
049691012.jpg;475;739;515;739;515;759;475;759;text@工资
049691012.jpg;575;739;595;739;595;759;575;759;text@借
049691012.jpg;635;742;695;742;695;757;635;757;text@392.59
049691012.jpg;725;742;805;742;805;757;725;757;text@23621.89
049691012.jpg;835;742;875;742;875;757;835;757;text@1041
049691012.jpg;10;730;890;730;890;766;10;766;行-row@17
049691012.jpg;25;778;125;778;125;793;25;793;text@2021-12-31
049691012.jpg;155;778;315;778;315;793;155;793;text@3561599135228993
049691012.jpg;375;778;385;778;385;792;375;792;text@1
049691012.jpg;455;775;525;775;525;795;455;795;text@ATM转账
049691012.jpg;575;775;595;775;595;795;575;795;text@借
049691012.jpg;635;778;695;778;695;793;635;793;text@339.39
049691012.jpg;725;778;795;778;795;793;725;793;text@23282.5
049691012.jpg;835;778;875;778;875;793;835;793;text@1042
049691012.jpg;10;766;890;766;890;802;10;802;行-row@18
049691012.jpg;25;814;125;814;125;829;25;829;text@2022-01-31
049691012.jpg;155;814;315;814;315;829;155;829;text@3561599135228993
049691012.jpg;375;814;385;814;385;828;375;828;text@1
049691012.jpg;455;811;525;811;525;831;455;831;text@ATM转账
049691012.jpg;575;811;595;811;595;831;575;831;text@借
049691012.jpg;635;814;695;814;695;829;635;829;text@987.89
049691012.jpg;725;814;805;814;805;829;725;829;text@22294.61
049691012.jpg;835;814;875;814;875;829;835;829;text@1095
049691012.jpg;10;802;890;802;890;838;10;838;行-row@19
049691012.jpg;25;850;125;850;125;865;25;865;text@2022-02-28
049691012.jpg;155;850;315;850;315;865;155;865;text@3561599135228993
049691012.jpg;375;850;385;850;385;864;375;864;text@2
049691012.jpg;455;847;525;847;525;867;455;867;text@ATM转账
049691012.jpg;575;847;595;847;595;867;575;867;text@贷
049691012.jpg;635;850;695;850;695;865;635;865;text@199.21
049691012.jpg;725;850;805;850;805;865;725;865;text@22493.82
049691012.jpg;835;850;875;850;875;865;835;865;text@1073
049691012.jpg;10;838;890;838;890;874;10;874;行-row@20
049691012.jpg;10;118;140;118;140;874;10;874;列-column@0
049691012.jpg;140;118;330;118;330;874;140;874;列-column@1
049691012.jpg;330;118;440;118;440;874;330;874;列-column@2
049691012.jpg;440;118;550;118;550;874;440;874;列-column@3
049691012.jpg;550;118;620;118;620;874;550;874;列-column@4
049691012.jpg;620;118;710;118;710;874;620;874;列-column@5
049691012.jpg;710;118;820;118;820;874;710;874;列-column@6
049691012.jpg;820;118;890;118;890;874;820;874;列-column@7
049691012.jpg;10;118;890;118;890;874;10;874;表-table@1
