050931901.jpg;426;15;834;17;834;44;425;42;text@乐山市商业银行账户历史明细清单
050931901.jpg;250;53;445;54;445;73;250;72;text@卡号:348149073293280
050931901.jpg;474;54;581;55;581;73;474;73;text@户名:龙桂香
050931901.jpg;610;55;795;56;795;74;610;73;text@起始日期:2020-03-14
050931901.jpg;824;56;1009;57;1009;75;824;74;text@截止日期:2021-03-31
050931901.jpg;396;89;542;90;541;109;395;108;text@操作地区:961885
050931901.jpg;571;90;698;90;697;109;570;109;text@操作网点:1041
050931901.jpg;727;90;863;91;863;110;726;109;text@操作柜员:17576
050931901.jpg;64;122;142;123;141;143;63;142;text@交易时间
050931901.jpg;219;123;317;123;317;143;219;143;text@借记卡卡号
050931901.jpg;346;124;405;124;405;144;346;144;text@应用号
050931901.jpg;453;124;492;124;492;144;453;144;text@序号
050931901.jpg;522;124;600;125;600;145;522;144;text@交易代码
050931901.jpg;629;125;707;125;707;145;629;145;text@摘要代码
050931901.jpg;736;126;775;126;775;146;736;146;text@借贷
050931901.jpg;804;126;863;126;863;146;804;146;text@发生额
050931901.jpg;892;126;970;127;970;147;892;146;text@联机余额
050931901.jpg;999;127;1038;127;1038;147;999;147;text@存期
050931901.jpg;1067;127;1145;128;1146;148;1068;147;text@发行代码
050931901.jpg;1175;128;1214;128;1214;148;1175;148;text@利息
050931901.jpg;30;113;1228;119;1229;155;29;149;行-row@0
050931901.jpg;83;157;141;158;141;178;82;177;text@利息税
050931901.jpg;29;149;156;150;155;185;29;184;跨行列格-cell@0-0,12-12
050931901.jpg;258;158;317;158;317;177;258;177;text@起息日
050931901.jpg;156;150;331;151;331;186;155;185;跨行列格-cell@0-0,13-13
050931901.jpg;346;159;404;159;404;179;346;179;text@网点号
050931901.jpg;331;151;419;151;419;186;331;186;跨行列格-cell@0-0,14-14
050931901.jpg;434;159;492;159;492;179;434;179;text@柜员号
050931901.jpg;419;151;507;151;507;186;419;186;跨行列格-cell@0-0,15-15
050931901.jpg;560;161;600;161;599;180;560;180;text@界面
050931901.jpg;507;151;614;152;614;187;507;186;跨行列格-cell@0-0,16-16
050931901.jpg;43;196;141;197;141;211;43;210;text@2020-03-31
050931901.jpg;170;197;316;197;316;211;170;211;text@348149073293280
050931901.jpg;394;198;404;198;404;211;394;211;text@1
050931901.jpg;482;198;492;198;492;211;482;211;text@1
050931901.jpg;590;199;599;199;599;212;590;212;text@1
050931901.jpg;668;196;707;196;707;215;668;215;text@工资
050931901.jpg;756;197;775;197;775;216;756;216;text@贷
050931901.jpg;804;200;863;200;863;214;805;214;text@667.62
050931901.jpg;892;200;970;201;971;215;892;214;text@18624.62
050931901.jpg;1029;201;1039;201;1039;215;1029;215;text@0
050931901.jpg;1136;201;1146;202;1146;216;1137;215;text@0
050931901.jpg;1205;202;1215;202;1215;216;1205;216;text@0
050931901.jpg;29;184;1229;190;1229;225;28;219;行-row@1
050931901.jpg;131;232;140;232;140;247;130;247;text@0
050931901.jpg;28;219;155;220;155;256;28;255;跨行列格-cell@1-1,12-12
050931901.jpg;218;232;316;232;316;247;218;247;text@2020-03-14
050931901.jpg;155;220;331;221;331;257;155;256;跨行列格-cell@1-1,13-13
050931901.jpg;365;233;404;233;404;248;365;248;text@1081
050931901.jpg;331;221;419;221;419;257;331;257;跨行列格-cell@1-1,14-14
050931901.jpg;443;233;492;233;492;248;443;248;text@16335
050931901.jpg;419;221;507;221;507;257;419;257;跨行列格-cell@1-1,15-15
050931901.jpg;531;231;599;231;599;251;531;251;text@ATM交易
050931901.jpg;507;221;614;222;614;258;507;257;跨行列格-cell@1-1,16-16
050931901.jpg;42;266;140;267;140;282;42;281;text@2020-04-30
050931901.jpg;169;267;316;267;316;282;169;282;text@348149073293280
050931901.jpg;394;268;404;268;404;282;394;282;text@1
050931901.jpg;482;268;492;268;492;282;482;282;text@2
050931901.jpg;590;269;599;269;599;283;590;283;text@2
050931901.jpg;668;266;707;266;707;286;668;286;text@消费
050931901.jpg;756;267;775;267;775;287;756;287;text@贷
050931901.jpg;805;270;863;270;863;285;805;285;text@207.83
050931901.jpg;893;270;971;271;971;286;893;285;text@18832.45
050931901.jpg;1030;271;1039;271;1040;286;1030;286;text@0
050931901.jpg;1137;271;1147;271;1147;286;1137;286;text@0
050931901.jpg;1206;272;1215;272;1216;287;1206;287;text@0
050931901.jpg;28;255;1230;261;1230;296;27;290;行-row@2
050931901.jpg;130;303;139;303;138;318;129;318;text@0
050931901.jpg;27;290;154;291;153;327;26;326;跨行列格-cell@2-2,12-12
050931901.jpg;218;303;316;303;315;318;217;318;text@2020-03-14
050931901.jpg;154;291;330;292;329;327;153;327;跨行列格-cell@2-2,13-13
050931901.jpg;365;304;404;304;403;319;363;319;text@1071
050931901.jpg;330;292;418;292;417;327;329;327;跨行列格-cell@2-2,14-14
050931901.jpg;443;304;492;304;491;319;442;319;text@18973
050931901.jpg;418;292;506;292;505;327;417;327;跨行列格-cell@2-2,15-15
050931901.jpg;531;302;599;302;598;322;530;322;text@POS交易
050931901.jpg;506;292;614;293;613;328;505;327;跨行列格-cell@2-2,16-16
050931901.jpg;40;337;138;338;138;353;40;352;text@2020-05-31
050931901.jpg;167;338;314;338;314;353;167;353;text@348149073293280
050931901.jpg;393;339;402;339;402;353;393;353;text@1
050931901.jpg;481;339;491;339;491;354;481;354;text@3
050931901.jpg;589;340;598;340;598;355;589;355;text@0
050931901.jpg;638;337;706;337;706;357;638;357;text@ATM取款
050931901.jpg;755;338;775;338;775;358;755;358;text@借
050931901.jpg;804;341;863;341;863;356;804;356;text@233.81
050931901.jpg;892;341;971;342;971;357;892;356;text@18598.64
050931901.jpg;1029;342;1039;342;1039;357;1029;357;text@0
050931901.jpg;1137;342;1147;342;1147;357;1137;357;text@0
050931901.jpg;1206;343;1215;343;1216;358;1206;358;text@0
050931901.jpg;26;326;1230;331;1230;367;25;361;行-row@3
050931901.jpg;128;374;138;374;138;389;128;389;text@0
050931901.jpg;25;361;153;362;152;398;25;397;跨行列格-cell@3-3,12-12
050931901.jpg;216;374;314;374;314;389;216;389;text@2020-03-14
050931901.jpg;153;362;329;363;329;399;152;398;跨行列格-cell@3-3,13-13
050931901.jpg;363;375;402;375;402;390;363;390;text@1009
050931901.jpg;329;363;417;363;417;399;329;399;跨行列格-cell@3-3,14-14
050931901.jpg;442;375;491;375;490;390;441;390;text@15342
050931901.jpg;417;363;505;363;505;399;417;399;跨行列格-cell@3-3,15-15
050931901.jpg;520;372;598;373;598;393;520;392;text@网上银行
050931901.jpg;505;363;613;364;613;400;505;399;跨行列格-cell@3-3,16-16
050931901.jpg;39;409;137;410;137;424;39;423;text@2020-06-30
050931901.jpg;167;410;314;410;314;424;167;424;text@348149073293280
050931901.jpg;392;411;402;411;402;424;392;424;text@1
050931901.jpg;481;411;490;411;490;424;481;424;text@4
050931901.jpg;588;412;598;412;598;425;588;425;text@1
050931901.jpg;638;409;706;409;706;428;638;428;text@ATM取款
050931901.jpg;755;410;775;410;775;429;755;429;text@贷
050931901.jpg;804;412;863;412;863;427;804;427;text@753.05
050931901.jpg;893;412;971;413;971;428;893;427;text@19351.69
050931901.jpg;1030;413;1040;413;1040;428;1030;428;text@0
050931901.jpg;1138;413;1148;413;1148;428;1138;428;text@0
050931901.jpg;1207;414;1216;414;1217;429;1207;429;text@0
050931901.jpg;25;397;1231;403;1231;438;24;432;行-row@4
050931901.jpg;127;445;137;445;137;460;127;460;text@0
050931901.jpg;24;432;152;433;151;469;24;468;跨行列格-cell@4-4,12-12
050931901.jpg;215;445;314;445;313;460;215;460;text@2020-03-14
050931901.jpg;152;433;328;434;328;470;151;469;跨行列格-cell@4-4,13-13
050931901.jpg;363;446;402;446;402;461;363;461;text@1029
050931901.jpg;328;434;417;434;417;470;328;470;跨行列格-cell@4-4,14-14
050931901.jpg;441;446;490;446;490;461;441;461;text@15712
050931901.jpg;417;434;505;434;505;470;417;470;跨行列格-cell@4-4,15-15
050931901.jpg;520;443;598;444;598;464;520;463;text@网上银行
050931901.jpg;505;434;613;435;613;471;505;470;跨行列格-cell@4-4,16-16
050931901.jpg;38;480;136;481;136;496;38;495;text@2020-07-31
050931901.jpg;166;481;313;481;313;496;166;496;text@348149073293280
050931901.jpg;392;482;402;482;402;496;392;496;text@1
050931901.jpg;480;482;490;482;490;497;480;497;text@5
050931901.jpg;588;483;598;483;598;497;588;497;text@1
050931901.jpg;667;480;706;480;706;500;667;500;text@工资
050931901.jpg;755;481;775;481;775;501;755;501;text@借
050931901.jpg;814;484;864;484;864;499;814;499;text@435.9
050931901.jpg;893;484;972;485;972;500;893;499;text@18915.79
050931901.jpg;1031;485;1040;485;1041;500;1031;500;text@0
050931901.jpg;1139;485;1148;485;1149;500;1139;500;text@0
050931901.jpg;1207;486;1217;486;1217;501;1208;501;text@0
050931901.jpg;24;468;1232;474;1232;510;23;504;行-row@5
050931901.jpg;125;517;135;517;135;532;125;532;text@0
050931901.jpg;23;504;151;505;150;541;22;540;跨行列格-cell@5-5,12-12
050931901.jpg;214;517;312;517;312;532;214;532;text@2020-03-14
050931901.jpg;151;505;328;506;327;542;150;541;跨行列格-cell@5-5,13-13
050931901.jpg;361;518;401;518;400;533;361;533;text@1024
050931901.jpg;328;506;416;506;415;542;327;542;跨行列格-cell@5-5,14-14
050931901.jpg;440;518;489;518;489;533;440;533;text@19354
050931901.jpg;416;506;505;506;504;542;415;542;跨行列格-cell@5-5,15-15
050931901.jpg;529;516;598;516;597;536;528;536;text@POS交易
050931901.jpg;505;506;613;507;612;543;504;542;跨行列格-cell@5-5,16-16
050931901.jpg;36;552;135;553;134;568;36;567;text@2020-08-31
050931901.jpg;164;553;312;553;312;568;164;568;text@348149073293280
050931901.jpg;391;554;400;554;400;568;390;568;text@1
050931901.jpg;479;554;489;554;489;569;479;569;text@6
050931901.jpg;587;555;597;555;597;570;587;570;text@0
050931901.jpg;666;552;705;552;705;572;666;572;text@工资
050931901.jpg;755;553;774;553;774;573;755;573;text@借
050931901.jpg;804;556;863;556;863;571;804;571;text@750.38
050931901.jpg;892;556;971;557;971;572;893;571;text@18165.41
050931901.jpg;1030;557;1040;557;1040;572;1030;572;text@0
050931901.jpg;1138;557;1148;557;1149;572;1139;572;text@0
050931901.jpg;1207;558;1217;558;1217;573;1208;573;text@0
050931901.jpg;22;540;1232;546;1232;581;21;576;行-row@6
050931901.jpg;124;588;134;588;134;603;124;603;text@0
050931901.jpg;21;576;149;577;149;612;21;611;跨行列格-cell@6-6,12-12
050931901.jpg;213;588;312;588;311;603;213;603;text@2020-03-14
050931901.jpg;149;577;326;577;326;613;149;612;跨行列格-cell@6-6,13-13
050931901.jpg;361;589;400;589;400;604;361;604;text@1084
050931901.jpg;326;577;415;577;415;613;326;613;跨行列格-cell@6-6,14-14
050931901.jpg;440;589;489;589;489;604;439;604;text@17091
050931901.jpg;415;577;504;577;504;613;415;613;跨行列格-cell@6-6,15-15
050931901.jpg;518;586;597;587;597;607;518;606;text@批量业务
050931901.jpg;504;577;612;578;612;614;504;613;跨行列格-cell@6-6,16-16
050931901.jpg;35;623;134;624;134;639;35;638;text@2020-09-30
050931901.jpg;163;624;311;624;311;639;163;639;text@348149073293280
050931901.jpg;390;625;400;625;400;639;390;639;text@1
050931901.jpg;479;625;489;625;489;640;479;640;text@7
050931901.jpg;587;626;597;626;597;641;587;641;text@0
050931901.jpg;637;623;706;623;706;643;637;643;text@ATM转账
050931901.jpg;755;624;775;624;775;644;755;644;text@借
050931901.jpg;804;627;863;627;863;642;804;642;text@171.15
050931901.jpg;893;627;972;628;972;643;893;642;text@17994.26
050931901.jpg;1031;628;1041;628;1041;643;1031;643;text@0
050931901.jpg;1139;628;1149;628;1149;643;1139;643;text@0
050931901.jpg;1208;629;1218;629;1218;644;1209;644;text@0
050931901.jpg;21;611;1233;617;1233;653;20;647;行-row@7
050931901.jpg;124;660;133;660;133;675;123;675;text@0
050931901.jpg;20;647;148;648;148;685;20;684;跨行列格-cell@7-7,12-12
050931901.jpg;212;660;311;660;311;675;212;675;text@2020-03-14
050931901.jpg;148;648;326;649;326;686;148;685;跨行列格-cell@7-7,13-13
050931901.jpg;360;661;400;661;400;676;360;676;text@1088
050931901.jpg;326;649;415;649;414;686;326;686;跨行列格-cell@7-7,14-14
050931901.jpg;439;661;489;661;489;676;439;676;text@11881
050931901.jpg;415;649;503;649;503;686;414;686;跨行列格-cell@7-7,15-15
050931901.jpg;528;659;597;659;597;680;528;680;text@POS交易
050931901.jpg;503;649;612;650;612;687;503;686;跨行列格-cell@7-7,16-16
050931901.jpg;34;696;133;697;133;712;34;711;text@2020-10-31
050931901.jpg;163;697;311;697;311;712;162;712;text@348149073293280
050931901.jpg;390;698;400;698;399;712;390;712;text@1
050931901.jpg;479;698;488;698;488;713;479;713;text@8
050931901.jpg;587;699;597;699;597;713;587;713;text@1
050931901.jpg;666;696;706;696;706;716;666;716;text@工资
050931901.jpg;755;697;775;697;775;717;755;717;text@借
050931901.jpg;814;700;864;700;864;715;814;715;text@136.6
050931901.jpg;893;700;972;701;972;716;893;715;text@17857.66
050931901.jpg;1032;701;1041;701;1042;716;1032;716;text@0
050931901.jpg;1140;701;1150;701;1150;716;1140;716;text@0
050931901.jpg;1209;702;1219;702;1219;717;1209;717;text@0
050931901.jpg;20;684;1234;690;1234;726;19;720;行-row@8
050931901.jpg;122;733;132;733;131;748;122;748;text@0
050931901.jpg;19;720;148;721;146;757;18;756;跨行列格-cell@8-8,12-12
050931901.jpg;211;733;309;733;309;748;211;748;text@2020-03-14
050931901.jpg;148;721;325;722;324;758;146;757;跨行列格-cell@8-8,13-13
050931901.jpg;359;734;398;734;398;749;359;749;text@1089
050931901.jpg;325;722;414;722;413;758;324;758;跨行列格-cell@8-8,14-14
050931901.jpg;438;734;487;734;487;749;438;749;text@19532
050931901.jpg;414;722;503;722;502;758;413;758;跨行列格-cell@8-8,15-15
050931901.jpg;517;731;596;732;596;752;517;751;text@批量业务
050931901.jpg;503;722;612;723;611;759;502;758;跨行列格-cell@8-8,16-16
050931901.jpg;32;768;131;769;131;784;32;783;text@2020-11-30
050931901.jpg;161;769;309;769;309;784;161;784;text@348149073293280
050931901.jpg;388;770;398;770;398;784;388;784;text@1
050931901.jpg;477;770;487;770;487;785;477;785;text@9
050931901.jpg;586;771;596;771;596;785;586;785;text@1
050931901.jpg;636;768;705;768;705;788;636;788;text@ATM取款
050931901.jpg;754;769;774;769;774;789;754;789;text@借
050931901.jpg;814;772;863;772;863;787;814;787;text@900.7
050931901.jpg;893;772;972;773;972;788;893;787;text@16956.96
050931901.jpg;1031;773;1041;773;1041;788;1031;788;text@0
050931901.jpg;1140;773;1150;773;1150;788;1140;788;text@0
050931901.jpg;1209;774;1219;774;1219;789;1209;789;text@0
050931901.jpg;18;756;1234;762;1234;798;17;792;行-row@9
050931901.jpg;121;805;131;805;131;820;121;820;text@0
050931901.jpg;17;792;146;793;145;829;17;828;跨行列格-cell@9-9,12-12
050931901.jpg;210;805;309;805;309;820;210;820;text@2020-03-14
050931901.jpg;146;793;324;794;324;830;145;829;跨行列格-cell@9-9,13-13
050931901.jpg;358;806;398;806;398;821;358;821;text@1001
050931901.jpg;324;794;413;794;413;830;324;830;跨行列格-cell@9-9,14-14
050931901.jpg;438;806;487;806;487;821;438;821;text@13201
050931901.jpg;413;794;502;794;502;830;413;830;跨行列格-cell@9-9,15-15
050931901.jpg;527;804;596;804;596;824;527;824;text@POS交易
050931901.jpg;502;794;611;795;611;831;502;830;跨行列格-cell@9-9,16-16
050931901.jpg;31;840;130;841;130;857;31;856;text@2020-12-31
050931901.jpg;160;841;309;841;309;857;160;857;text@348149073293280
050931901.jpg;388;842;398;842;398;857;388;857;text@1
050931901.jpg;467;842;487;842;487;858;467;858;text@10
050931901.jpg;586;843;596;843;596;859;586;859;text@0
050931901.jpg;665;840;705;840;705;861;665;861;text@现存
050931901.jpg;754;841;774;841;774;862;754;862;text@贷
050931901.jpg;804;845;863;845;863;860;804;860;text@871.41
050931901.jpg;893;845;972;846;972;861;893;860;text@17828.37
050931901.jpg;1032;846;1042;846;1042;861;1032;861;text@0
050931901.jpg;1141;846;1151;846;1151;861;1141;861;text@0
050931901.jpg;1210;847;1220;847;1220;862;1210;862;text@0
050931901.jpg;17;828;1235;834;1235;871;16;865;行-row@10
050931901.jpg;120;878;130;878;130;893;120;893;text@0
050931901.jpg;16;865;145;866;145;902;16;901;跨行列格-cell@10-10,12-12
050931901.jpg;209;878;308;878;308;893;209;893;text@2020-03-14
050931901.jpg;145;866;323;867;323;903;145;902;跨行列格-cell@10-10,13-13
050931901.jpg;358;879;398;879;398;894;358;894;text@1013
050931901.jpg;323;867;413;867;412;903;323;903;跨行列格-cell@10-10,14-14
050931901.jpg;437;879;487;879;487;894;437;894;text@10047
050931901.jpg;413;867;502;867;502;903;412;903;跨行列格-cell@10-10,15-15
050931901.jpg;517;876;596;877;596;897;517;896;text@网上银行
050931901.jpg;502;867;611;868;611;904;502;903;跨行列格-cell@10-10,16-16
050931901.jpg;30;913;130;914;129;929;30;928;text@2021-01-31
050931901.jpg;159;914;308;914;308;929;159;929;text@348149073293280
050931901.jpg;387;915;397;915;397;929;387;929;text@1
050931901.jpg;467;915;487;915;487;929;467;929;text@11
050931901.jpg;586;916;596;916;596;931;586;931;text@2
050931901.jpg;665;913;705;913;705;934;665;934;text@消费
050931901.jpg;755;914;774;914;774;935;755;935;text@贷
050931901.jpg;804;917;864;917;864;933;804;933;text@381.33
050931901.jpg;903;917;973;918;973;934;904;933;text@18209.7
050931901.jpg;1032;918;1042;918;1043;934;1033;934;text@0
050931901.jpg;1142;918;1152;918;1152;934;1142;934;text@0
050931901.jpg;1211;919;1221;919;1221;935;1211;935;text@0
050931901.jpg;16;901;1236;907;1236;944;15;938;行-row@11
050931901.jpg;118;951;128;951;128;966;118;966;text@0
050931901.jpg;15;938;144;939;143;975;14;974;跨行列格-cell@11-11,12-12
050931901.jpg;208;951;307;951;307;966;207;966;text@2020-03-14
050931901.jpg;144;939;323;940;322;976;143;975;跨行列格-cell@11-11,13-13
050931901.jpg;356;952;396;952;396;967;356;967;text@1073
050931901.jpg;323;940;412;940;411;976;322;976;跨行列格-cell@11-11,14-14
050931901.jpg;436;952;486;952;486;967;436;967;text@19001
050931901.jpg;412;940;502;940;500;976;411;976;跨行列格-cell@11-11,15-15
050931901.jpg;525;950;595;950;595;970;525;970;text@POS交易
050931901.jpg;502;940;611;941;610;977;500;976;跨行列格-cell@11-11,16-16
050931901.jpg;28;986;128;987;128;1003;28;1002;text@2021-02-28
050931901.jpg;157;987;307;987;306;1003;157;1003;text@348149073293280
050931901.jpg;386;988;396;988;396;1003;386;1003;text@1
050931901.jpg;466;988;485;988;485;1003;466;1003;text@12
050931901.jpg;585;989;595;989;595;1005;585;1005;text@0
050931901.jpg;635;986;704;986;704;1007;635;1007;text@ATM转账
050931901.jpg;754;987;774;987;774;1008;754;1008;text@借
050931901.jpg;813;990;863;990;863;1006;813;1006;text@208.7
050931901.jpg;903;990;972;991;973;1007;903;1006;text@18001.0
050931901.jpg;1032;991;1042;991;1042;1007;1032;1007;text@0
050931901.jpg;1141;991;1151;991;1152;1007;1142;1007;text@0
050931901.jpg;1211;992;1221;992;1221;1008;1211;1008;text@0
050931901.jpg;14;974;1236;980;1236;1017;13;1011;行-row@12
050931901.jpg;117;1024;127;1024;127;1039;117;1039;text@0
050931901.jpg;13;1011;142;1012;142;1048;13;1047;跨行列格-cell@12-12,12-12
050931901.jpg;207;1024;306;1024;306;1039;207;1039;text@2020-03-14
050931901.jpg;142;1012;321;1013;321;1049;142;1048;跨行列格-cell@12-12,13-13
050931901.jpg;356;1025;396;1025;396;1040;356;1040;text@1079
050931901.jpg;321;1013;411;1013;411;1049;321;1049;跨行列格-cell@12-12,14-14
050931901.jpg;436;1025;485;1025;485;1039;436;1039;text@11444
050931901.jpg;411;1013;500;1013;500;1049;411;1049;跨行列格-cell@12-12,15-15
050931901.jpg;515;1022;595;1023;595;1043;515;1042;text@批量业务
050931901.jpg;500;1013;610;1014;610;1050;500;1049;跨行列格-cell@12-12,16-16
050931901.jpg;27;1060;127;1061;127;1076;27;1075;text@2021-03-31
050931901.jpg;157;1061;306;1061;306;1076;157;1076;text@348149073293280
050931901.jpg;386;1062;396;1062;396;1076;386;1076;text@1
050931901.jpg;465;1062;485;1062;485;1077;465;1077;text@13
050931901.jpg;585;1063;595;1063;595;1077;585;1077;text@2
050931901.jpg;635;1060;704;1060;704;1080;635;1080;text@ATM取款
050931901.jpg;754;1061;774;1061;774;1081;754;1081;text@借
050931901.jpg;824;1064;863;1064;864;1079;824;1079;text@13.0
050931901.jpg;903;1064;973;1065;973;1080;903;1079;text@17988.0
050931901.jpg;1033;1065;1043;1065;1043;1080;1033;1080;text@0
050931901.jpg;1142;1065;1152;1065;1152;1080;1142;1080;text@0
050931901.jpg;1212;1066;1222;1066;1222;1081;1212;1081;text@0
050931901.jpg;13;1047;1237;1054;1237;1090;12;1084;行-row@13
050931901.jpg;116;1097;126;1097;126;1113;116;1113;text@0
050931901.jpg;12;1084;142;1085;141;1122;12;1121;跨行列格-cell@13-13,12-12
050931901.jpg;206;1097;306;1097;306;1113;206;1113;text@2020-03-14
050931901.jpg;142;1085;321;1086;321;1123;141;1122;跨行列格-cell@13-13,13-13
050931901.jpg;356;1098;395;1098;395;1114;355;1114;text@1065
050931901.jpg;321;1086;410;1086;410;1123;321;1123;跨行列格-cell@13-13,14-14
050931901.jpg;435;1098;485;1098;485;1114;435;1114;text@10086
050931901.jpg;410;1086;500;1086;500;1123;410;1123;跨行列格-cell@13-13,15-15
050931901.jpg;515;1095;595;1096;595;1117;515;1116;text@批量业务
050931901.jpg;500;1086;610;1087;610;1124;500;1123;跨行列格-cell@13-13,16-16
050931901.jpg;30;113;156;114;141;1122;12;1121;列-column@0
050931901.jpg;156;114;332;115;321;1123;141;1122;列-column@1
050931901.jpg;332;115;419;115;410;1123;321;1123;列-column@2
050931901.jpg;419;115;507;115;500;1123;410;1123;列-column@3
050931901.jpg;507;115;614;116;610;1124;500;1123;列-column@4
050931901.jpg;614;116;721;116;719;1124;610;1124;列-column@5
050931901.jpg;721;116;790;117;789;1125;719;1124;列-column@6
050931901.jpg;790;117;877;117;879;1125;789;1125;列-column@7
050931901.jpg;877;117;984;118;988;1126;879;1125;列-column@8
050931901.jpg;984;118;1053;118;1058;1126;988;1126;列-column@9
050931901.jpg;1053;118;1160;119;1168;1127;1058;1126;列-column@10
050931901.jpg;1160;119;1228;119;1238;1127;1168;1127;列-column@11
050931901.jpg;30;113;1228;119;1238;1127;12;1121;表-table@1
