086084236.jpg;474;77;810;77;810;105;474;105;text@潍坊银行账户历史明细清单
086084236.jpg;257;117;467;117;467;136;257;136;text@卡号:4571931428542671
086084236.jpg;497;117;587;117;587;136;497;136;text@户名:李建
086084236.jpg;617;117;807;117;807;136;617;136;text@起始日期:2021-12-19
086084236.jpg;837;117;1027;117;1027;136;837;136;text@截止日期:2023-06-30
086084236.jpg;397;153;547;153;547;172;397;172;text@操作地区:104720
086084236.jpg;577;153;707;153;707;172;577;172;text@操作网点:1018
086084236.jpg;737;153;877;153;877;172;737;172;text@操作柜员:17651
086084236.jpg;117;189;157;189;157;209;117;209;text@日期
086084236.jpg;247;189;337;189;337;209;247;209;text@账号/卡号
086084236.jpg;407;189;467;189;467;209;407;209;text@应用号
086084236.jpg;497;189;537;189;537;209;497;209;text@序号
086084236.jpg;567;189;647;189;647;209;567;209;text@交易代码
086084236.jpg;697;189;737;189;737;209;697;209;text@摘要
086084236.jpg;777;189;817;189;817;209;777;209;text@借贷
086084236.jpg;847;189;927;189;927;209;847;209;text@交易金额
086084236.jpg;957;189;1037;189;1037;209;957;209;text@交易余额
086084236.jpg;1067;189;1107;189;1107;209;1067;209;text@存期
086084236.jpg;1137;189;1197;189;1197;209;1137;209;text@网点号
086084236.jpg;72;180;1212;180;1212;216;72;216;行-row@0
086084236.jpg;87;228;187;228;187;243;87;243;text@2021-12-31
086084236.jpg;217;228;377;228;377;243;217;243;text@4571931428542671
086084236.jpg;427;228;437;228;437;242;427;242;text@1
086084236.jpg;507;228;517;228;517;242;507;242;text@1
086084236.jpg;597;228;607;228;607;243;597;243;text@0
086084236.jpg;697;225;737;225;737;245;697;245;text@现存
086084236.jpg;787;225;807;225;807;245;787;245;text@借
086084236.jpg;857;228;917;228;917;243;857;243;text@994.54
086084236.jpg;957;228;1037;228;1037;243;957;243;text@97297.46
086084236.jpg;1077;228;1087;228;1087;243;1077;243;text@0
086084236.jpg;1147;228;1187;228;1187;243;1147;243;text@1011
086084236.jpg;72;216;1212;216;1212;252;72;252;行-row@1
086084236.jpg;87;264;187;264;187;279;87;279;text@2022-01-31
086084236.jpg;217;264;377;264;377;279;217;279;text@4571931428542671
086084236.jpg;427;264;437;264;437;278;427;278;text@1
086084236.jpg;507;264;517;264;517;278;507;278;text@2
086084236.jpg;597;264;607;264;607;278;597;278;text@1
086084236.jpg;697;261;737;261;737;281;697;281;text@现存
086084236.jpg;787;261;807;261;807;281;787;281;text@贷
086084236.jpg;857;264;907;264;907;279;857;279;text@11.24
086084236.jpg;957;264;1027;264;1027;279;957;279;text@97308.7
086084236.jpg;1077;264;1087;264;1087;279;1077;279;text@0
086084236.jpg;1147;264;1187;264;1187;279;1147;279;text@1046
086084236.jpg;72;252;1212;252;1212;288;72;288;行-row@2
086084236.jpg;87;300;187;300;187;315;87;315;text@2022-02-28
086084236.jpg;217;300;377;300;377;315;217;315;text@4571931428542671
086084236.jpg;427;300;437;300;437;314;427;314;text@1
086084236.jpg;507;300;517;300;517;315;507;315;text@3
086084236.jpg;597;300;607;300;607;314;597;314;text@2
086084236.jpg;677;297;747;297;747;317;677;317;text@ATM取款
086084236.jpg;787;297;807;297;807;317;787;317;text@借
086084236.jpg;857;300;917;300;917;315;857;315;text@204.58
086084236.jpg;957;300;1037;300;1037;315;957;315;text@97104.12
086084236.jpg;1077;300;1087;300;1087;315;1077;315;text@0
086084236.jpg;1147;300;1187;300;1187;315;1147;315;text@1069
086084236.jpg;72;288;1212;288;1212;324;72;324;行-row@3
086084236.jpg;87;336;187;336;187;351;87;351;text@2022-03-31
086084236.jpg;217;336;377;336;377;351;217;351;text@4571931428542671
086084236.jpg;427;336;437;336;437;350;427;350;text@1
086084236.jpg;507;336;517;336;517;350;507;350;text@4
086084236.jpg;597;336;607;336;607;350;597;350;text@2
086084236.jpg;697;333;737;333;737;353;697;353;text@工资
086084236.jpg;787;333;807;333;807;353;787;353;text@贷
086084236.jpg;857;336;917;336;917;351;857;351;text@134.96
086084236.jpg;957;336;1037;336;1037;351;957;351;text@97239.08
086084236.jpg;1077;336;1087;336;1087;351;1077;351;text@0
086084236.jpg;1147;336;1187;336;1187;351;1147;351;text@1013
086084236.jpg;72;324;1212;324;1212;360;72;360;行-row@4
086084236.jpg;87;372;187;372;187;387;87;387;text@2022-04-30
086084236.jpg;217;372;377;372;377;387;217;387;text@4571931428542671
086084236.jpg;427;372;437;372;437;386;427;386;text@1
086084236.jpg;507;372;517;372;517;387;507;387;text@5
086084236.jpg;597;372;607;372;607;387;597;387;text@0
086084236.jpg;677;369;747;369;747;389;677;389;text@ATM转账
086084236.jpg;787;369;807;369;807;389;787;389;text@借
086084236.jpg;857;372;917;372;917;387;857;387;text@614.83
086084236.jpg;957;372;1037;372;1037;387;957;387;text@96624.25
086084236.jpg;1077;372;1087;372;1087;387;1077;387;text@0
086084236.jpg;1147;372;1187;372;1187;387;1147;387;text@1031
086084236.jpg;72;360;1212;360;1212;396;72;396;行-row@5
086084236.jpg;87;408;187;408;187;423;87;423;text@2022-05-31
086084236.jpg;217;408;377;408;377;423;217;423;text@4571931428542671
086084236.jpg;427;408;437;408;437;422;427;422;text@1
086084236.jpg;507;408;517;408;517;423;507;423;text@6
086084236.jpg;597;408;607;408;607;423;597;423;text@0
086084236.jpg;677;405;747;405;747;425;677;425;text@ATM取款
086084236.jpg;787;405;807;405;807;425;787;425;text@借
086084236.jpg;857;408;917;408;917;423;857;423;text@819.11
086084236.jpg;957;408;1037;408;1037;423;957;423;text@95805.14
086084236.jpg;1077;408;1087;408;1087;423;1077;423;text@0
086084236.jpg;1147;408;1187;408;1187;423;1147;423;text@1076
086084236.jpg;72;396;1212;396;1212;432;72;432;行-row@6
086084236.jpg;87;444;187;444;187;459;87;459;text@2022-06-30
086084236.jpg;217;444;377;444;377;459;217;459;text@4571931428542671
086084236.jpg;427;444;437;444;437;458;427;458;text@1
086084236.jpg;507;444;517;444;517;459;507;459;text@7
086084236.jpg;597;444;607;444;607;459;597;459;text@0
086084236.jpg;697;441;737;441;737;461;697;461;text@现存
086084236.jpg;787;441;807;441;807;461;787;461;text@借
086084236.jpg;857;444;917;444;917;459;857;459;text@255.24
086084236.jpg;957;444;1027;444;1027;459;957;459;text@95549.9
086084236.jpg;1077;444;1087;444;1087;459;1077;459;text@0
086084236.jpg;1147;444;1187;444;1187;459;1147;459;text@1017
086084236.jpg;72;432;1212;432;1212;468;72;468;行-row@7
086084236.jpg;87;480;187;480;187;495;87;495;text@2022-07-31
086084236.jpg;217;480;377;480;377;495;217;495;text@4571931428542671
086084236.jpg;427;480;437;480;437;494;427;494;text@1
086084236.jpg;507;480;517;480;517;495;507;495;text@8
086084236.jpg;597;480;607;480;607;494;597;494;text@2
086084236.jpg;697;477;737;477;737;497;697;497;text@消费
086084236.jpg;787;477;807;477;807;497;787;497;text@借
086084236.jpg;857;480;917;480;917;495;857;495;text@355.66
086084236.jpg;957;480;1037;480;1037;495;957;495;text@95194.24
086084236.jpg;1077;480;1087;480;1087;495;1077;495;text@0
086084236.jpg;1147;480;1187;480;1187;495;1147;495;text@1012
086084236.jpg;72;468;1212;468;1212;504;72;504;行-row@8
086084236.jpg;87;516;187;516;187;531;87;531;text@2022-08-31
086084236.jpg;217;516;377;516;377;531;217;531;text@4571931428542671
086084236.jpg;427;516;437;516;437;530;427;530;text@1
086084236.jpg;507;516;517;516;517;531;507;531;text@9
086084236.jpg;597;516;607;516;607;530;597;530;text@1
086084236.jpg;677;513;747;513;747;533;677;533;text@ATM转账
086084236.jpg;787;513;807;513;807;533;787;533;text@借
086084236.jpg;857;516;917;516;917;531;857;531;text@551.47
086084236.jpg;957;516;1037;516;1037;531;957;531;text@94642.77
086084236.jpg;1077;516;1087;516;1087;531;1077;531;text@0
086084236.jpg;1147;516;1187;516;1187;531;1147;531;text@1035
086084236.jpg;72;504;1212;504;1212;540;72;540;行-row@9
086084236.jpg;87;552;187;552;187;567;87;567;text@2022-09-30
086084236.jpg;217;552;377;552;377;567;217;567;text@4571931428542671
086084236.jpg;427;552;437;552;437;566;427;566;text@1
086084236.jpg;507;552;527;552;527;567;507;567;text@10
086084236.jpg;597;552;607;552;607;567;597;567;text@0
086084236.jpg;697;549;737;549;737;569;697;569;text@工资
086084236.jpg;787;549;807;549;807;569;787;569;text@贷
086084236.jpg;857;552;917;552;917;567;857;567;text@836.92
086084236.jpg;957;552;1037;552;1037;567;957;567;text@95479.69
086084236.jpg;1077;552;1087;552;1087;567;1077;567;text@0
086084236.jpg;1147;552;1187;552;1187;567;1147;567;text@1029
086084236.jpg;72;540;1212;540;1212;576;72;576;行-row@10
086084236.jpg;87;588;187;588;187;603;87;603;text@2022-10-31
086084236.jpg;217;588;377;588;377;603;217;603;text@4571931428542671
086084236.jpg;427;588;437;588;437;602;427;602;text@1
086084236.jpg;507;588;527;588;527;602;507;602;text@11
086084236.jpg;597;588;607;588;607;603;597;603;text@0
086084236.jpg;697;585;737;585;737;605;697;605;text@工资
086084236.jpg;787;585;807;585;807;605;787;605;text@贷
086084236.jpg;857;588;917;588;917;603;857;603;text@217.08
086084236.jpg;957;588;1037;588;1037;603;957;603;text@95696.77
086084236.jpg;1077;588;1087;588;1087;603;1077;603;text@0
086084236.jpg;1147;588;1187;588;1187;603;1147;603;text@1058
086084236.jpg;72;576;1212;576;1212;612;72;612;行-row@11
086084236.jpg;87;624;187;624;187;639;87;639;text@2022-11-30
086084236.jpg;217;624;377;624;377;639;217;639;text@4571931428542671
086084236.jpg;427;624;437;624;437;638;427;638;text@1
086084236.jpg;507;624;527;624;527;638;507;638;text@12
086084236.jpg;597;624;607;624;607;639;597;639;text@0
086084236.jpg;677;621;747;621;747;641;677;641;text@ATM转账
086084236.jpg;787;621;807;621;807;641;787;641;text@借
086084236.jpg;857;624;917;624;917;639;857;639;text@624.15
086084236.jpg;957;624;1037;624;1037;639;957;639;text@95072.62
086084236.jpg;1077;624;1087;624;1087;639;1077;639;text@0
086084236.jpg;1147;624;1187;624;1187;639;1147;639;text@1085
086084236.jpg;72;612;1212;612;1212;648;72;648;行-row@12
086084236.jpg;87;660;187;660;187;675;87;675;text@2022-12-31
086084236.jpg;217;660;377;660;377;675;217;675;text@4571931428542671
086084236.jpg;427;660;437;660;437;674;427;674;text@1
086084236.jpg;507;660;527;660;527;675;507;675;text@13
086084236.jpg;597;660;607;660;607;674;597;674;text@2
086084236.jpg;677;657;747;657;747;677;677;677;text@ATM取款
086084236.jpg;787;657;807;657;807;677;787;677;text@贷
086084236.jpg;857;660;917;660;917;675;857;675;text@720.16
086084236.jpg;957;660;1037;660;1037;675;957;675;text@95792.78
086084236.jpg;1077;660;1087;660;1087;675;1077;675;text@0
086084236.jpg;1147;660;1187;660;1187;675;1147;675;text@1013
086084236.jpg;72;648;1212;648;1212;684;72;684;行-row@13
086084236.jpg;87;696;187;696;187;711;87;711;text@2023-01-31
086084236.jpg;217;696;377;696;377;711;217;711;text@4571931428542671
086084236.jpg;427;696;437;696;437;710;427;710;text@1
086084236.jpg;507;696;527;696;527;710;507;710;text@14
086084236.jpg;597;696;607;696;607;710;597;710;text@1
086084236.jpg;677;693;747;693;747;713;677;713;text@ATM取款
086084236.jpg;787;693;807;693;807;713;787;713;text@贷
086084236.jpg;857;696;917;696;917;711;857;711;text@439.31
086084236.jpg;957;696;1037;696;1037;711;957;711;text@96232.09
086084236.jpg;1077;696;1087;696;1087;711;1077;711;text@0
086084236.jpg;1147;696;1187;696;1187;711;1147;711;text@1038
086084236.jpg;72;684;1212;684;1212;720;72;720;行-row@14
086084236.jpg;87;732;187;732;187;747;87;747;text@2023-02-28
086084236.jpg;217;732;377;732;377;747;217;747;text@4571931428542671
086084236.jpg;427;732;437;732;437;746;427;746;text@1
086084236.jpg;507;732;527;732;527;747;507;747;text@15
086084236.jpg;597;732;607;732;607;746;597;746;text@1
086084236.jpg;677;729;747;729;747;749;677;749;text@ATM取款
086084236.jpg;787;729;807;729;807;749;787;749;text@贷
086084236.jpg;857;732;917;732;917;747;857;747;text@302.61
086084236.jpg;957;732;1027;732;1027;747;957;747;text@96534.7
086084236.jpg;1077;732;1087;732;1087;747;1077;747;text@0
086084236.jpg;1147;732;1187;732;1187;747;1147;747;text@1021
086084236.jpg;72;720;1212;720;1212;756;72;756;行-row@15
086084236.jpg;87;768;187;768;187;783;87;783;text@2023-03-31
086084236.jpg;217;768;377;768;377;783;217;783;text@4571931428542671
086084236.jpg;427;768;437;768;437;782;427;782;text@1
086084236.jpg;507;768;527;768;527;783;507;783;text@16
086084236.jpg;597;768;607;768;607;783;597;783;text@0
086084236.jpg;697;765;737;765;737;785;697;785;text@现存
086084236.jpg;787;765;807;765;807;785;787;785;text@借
086084236.jpg;857;768;917;768;917;783;857;783;text@393.81
086084236.jpg;957;768;1037;768;1037;783;957;783;text@96140.89
086084236.jpg;1077;768;1087;768;1087;783;1077;783;text@0
086084236.jpg;1147;768;1187;768;1187;783;1147;783;text@1047
086084236.jpg;72;756;1212;756;1212;792;72;792;行-row@16
086084236.jpg;87;804;187;804;187;819;87;819;text@2023-04-30
086084236.jpg;217;804;377;804;377;819;217;819;text@4571931428542671
086084236.jpg;427;804;437;804;437;818;427;818;text@1
086084236.jpg;507;804;527;804;527;819;507;819;text@17
086084236.jpg;597;804;607;804;607;819;597;819;text@0
086084236.jpg;677;801;747;801;747;821;677;821;text@ATM转账
086084236.jpg;787;801;807;801;807;821;787;821;text@借
086084236.jpg;857;804;917;804;917;819;857;819;text@464.44
086084236.jpg;957;804;1037;804;1037;819;957;819;text@95676.45
086084236.jpg;1077;804;1087;804;1087;819;1077;819;text@0
086084236.jpg;1147;804;1187;804;1187;819;1147;819;text@1043
086084236.jpg;72;792;1212;792;1212;828;72;828;行-row@17
086084236.jpg;87;840;187;840;187;855;87;855;text@2023-05-31
086084236.jpg;217;840;377;840;377;855;217;855;text@4571931428542671
086084236.jpg;427;840;437;840;437;854;427;854;text@1
086084236.jpg;507;840;527;840;527;855;507;855;text@18
086084236.jpg;597;840;607;840;607;854;597;854;text@1
086084236.jpg;677;837;747;837;747;857;677;857;text@ATM转账
086084236.jpg;787;837;807;837;807;857;787;857;text@借
086084236.jpg;857;840;917;840;917;855;857;855;text@831.11
086084236.jpg;957;840;1037;840;1037;855;957;855;text@94845.34
086084236.jpg;1077;840;1087;840;1087;855;1077;855;text@0
086084236.jpg;1147;840;1187;840;1187;855;1147;855;text@1053
086084236.jpg;72;828;1212;828;1212;864;72;864;行-row@18
086084236.jpg;87;876;187;876;187;891;87;891;text@2023-06-30
086084236.jpg;217;876;377;876;377;891;217;891;text@4571931428542671
086084236.jpg;427;876;437;876;437;890;427;890;text@1
086084236.jpg;507;876;527;876;527;891;507;891;text@19
086084236.jpg;597;876;607;876;607;890;597;890;text@1
086084236.jpg;677;873;747;873;747;893;677;893;text@ATM转账
086084236.jpg;787;873;807;873;807;893;787;893;text@借
086084236.jpg;857;876;907;876;907;891;857;891;text@24.44
086084236.jpg;957;876;1027;876;1027;891;957;891;text@94820.9
086084236.jpg;1077;876;1087;876;1087;891;1077;891;text@0
086084236.jpg;1147;876;1187;876;1187;891;1147;891;text@1004
086084236.jpg;72;864;1212;864;1212;900;72;900;行-row@19
086084236.jpg;72;180;202;180;202;900;72;900;列-column@0
086084236.jpg;202;180;392;180;392;900;202;900;列-column@1
086084236.jpg;392;180;482;180;482;900;392;900;列-column@2
086084236.jpg;482;180;552;180;552;900;482;900;列-column@3
086084236.jpg;552;180;662;180;662;900;552;900;列-column@4
086084236.jpg;662;180;762;180;762;900;662;900;列-column@5
086084236.jpg;762;180;832;180;832;900;762;900;列-column@6
086084236.jpg;832;180;942;180;942;900;832;900;列-column@7
086084236.jpg;942;180;1052;180;1052;900;942;900;列-column@8
086084236.jpg;1052;180;1122;180;1122;900;1052;900;列-column@9
086084236.jpg;1122;180;1212;180;1212;900;1122;900;列-column@10
086084236.jpg;72;180;1212;180;1212;900;72;900;表-table@1
