086132761.jpg;507;48;899;48;899;76;507;76;text@扬州商业银行账户历史明细清单
086132761.jpg;318;88;528;88;528;107;318;107;text@卡号:3562498273446617
086132761.jpg;558;88;648;88;648;107;558;107;text@户名:范帅
086132761.jpg;678;88;868;88;868;107;678;107;text@起始日期:2020-03-02
086132761.jpg;898;88;1088;88;1088;107;898;107;text@截止日期:2021-02-28
086132761.jpg;458;124;608;124;608;143;458;143;text@操作地区:166132
086132761.jpg;638;124;768;124;768;143;638;143;text@操作网点:1047
086132761.jpg;798;124;938;124;938;143;798;143;text@操作柜员:13950
086132761.jpg;68;160;148;160;148;180;68;180;text@记账日期
086132761.jpg;228;160;308;160;308;180;228;180;text@主卡卡号
086132761.jpg;378;160;458;160;458;180;378;180;text@产品子类
086132761.jpg;488;160;528;160;528;180;488;180;text@序号
086132761.jpg;558;160;638;160;638;180;558;180;text@交易代码
086132761.jpg;668;160;748;160;748;180;668;180;text@摘要代码
086132761.jpg;778;160;818;160;818;180;778;180;text@借贷
086132761.jpg;848;160;928;160;928;180;848;180;text@交易金额
086132761.jpg;958;160;1078;160;1078;180;958;180;text@活存账户余额
086132761.jpg;1108;160;1148;160;1148;180;1108;180;text@存期
086132761.jpg;1178;160;1258;160;1258;180;1178;180;text@通知种类
086132761.jpg;1288;160;1348;160;1348;180;1288;180;text@网点号
086132761.jpg;43;151;1363;151;1363;187;43;187;行-row@0
086132761.jpg;58;199;158;199;158;214;58;214;text@2020-03-31
086132761.jpg;188;199;348;199;348;214;188;214;text@3562498273446617
086132761.jpg;408;199;418;199;418;213;408;213;text@1
086132761.jpg;498;199;508;199;508;213;498;213;text@1
086132761.jpg;588;199;598;199;598;214;588;214;text@0
086132761.jpg;688;196;728;196;728;216;688;216;text@消费
086132761.jpg;788;196;808;196;808;216;788;216;text@贷
086132761.jpg;858;199;918;199;918;214;858;214;text@662.53
086132761.jpg;978;199;1058;199;1058;214;978;214;text@20664.53
086132761.jpg;1118;199;1128;199;1128;214;1118;214;text@0
086132761.jpg;1208;199;1218;199;1218;214;1208;214;text@0
086132761.jpg;1298;199;1338;199;1338;214;1298;214;text@1083
086132761.jpg;43;187;1363;187;1363;223;43;223;行-row@1
086132761.jpg;58;235;158;235;158;250;58;250;text@2020-04-30
086132761.jpg;188;235;348;235;348;250;188;250;text@3562498273446617
086132761.jpg;408;235;418;235;418;249;408;249;text@1
086132761.jpg;498;235;508;235;508;249;498;249;text@2
086132761.jpg;588;235;598;235;598;249;588;249;text@1
086132761.jpg;688;232;728;232;728;252;688;252;text@消费
086132761.jpg;788;232;808;232;808;252;788;252;text@贷
086132761.jpg;858;235;918;235;918;250;858;250;text@178.69
086132761.jpg;978;235;1058;235;1058;250;978;250;text@20843.22
086132761.jpg;1118;235;1128;235;1128;250;1118;250;text@0
086132761.jpg;1208;235;1218;235;1218;250;1208;250;text@0
086132761.jpg;1298;235;1338;235;1338;250;1298;250;text@1018
086132761.jpg;43;223;1363;223;1363;259;43;259;行-row@2
086132761.jpg;58;271;158;271;158;286;58;286;text@2020-05-31
086132761.jpg;188;271;348;271;348;286;188;286;text@3562498273446617
086132761.jpg;408;271;418;271;418;285;408;285;text@1
086132761.jpg;498;271;508;271;508;286;498;286;text@3
086132761.jpg;588;271;598;271;598;285;588;285;text@2
086132761.jpg;688;268;728;268;728;288;688;288;text@消费
086132761.jpg;788;268;808;268;808;288;788;288;text@贷
086132761.jpg;858;271;918;271;918;286;858;286;text@367.67
086132761.jpg;978;271;1058;271;1058;286;978;286;text@21210.89
086132761.jpg;1118;271;1128;271;1128;286;1118;286;text@0
086132761.jpg;1208;271;1218;271;1218;286;1208;286;text@0
086132761.jpg;1298;271;1338;271;1338;286;1298;286;text@1059
086132761.jpg;43;259;1363;259;1363;295;43;295;行-row@3
086132761.jpg;58;307;158;307;158;322;58;322;text@2020-06-30
086132761.jpg;188;307;348;307;348;322;188;322;text@3562498273446617
086132761.jpg;408;307;418;307;418;321;408;321;text@1
086132761.jpg;498;307;508;307;508;321;498;321;text@4
086132761.jpg;588;307;598;307;598;321;588;321;text@1
086132761.jpg;668;304;738;304;738;324;668;324;text@ATM转账
086132761.jpg;788;304;808;304;808;324;788;324;text@借
086132761.jpg;858;307;918;307;918;322;858;322;text@296.26
086132761.jpg;978;307;1058;307;1058;322;978;322;text@20914.63
086132761.jpg;1118;307;1128;307;1128;322;1118;322;text@0
086132761.jpg;1208;307;1218;307;1218;322;1208;322;text@0
086132761.jpg;1298;307;1338;307;1338;322;1298;322;text@1072
086132761.jpg;43;295;1363;295;1363;331;43;331;行-row@4
086132761.jpg;58;343;158;343;158;358;58;358;text@2020-07-31
086132761.jpg;188;343;348;343;348;358;188;358;text@3562498273446617
086132761.jpg;408;343;418;343;418;357;408;357;text@1
086132761.jpg;498;343;508;343;508;358;498;358;text@5
086132761.jpg;588;343;598;343;598;357;588;357;text@1
086132761.jpg;688;340;728;340;728;360;688;360;text@现存
086132761.jpg;788;340;808;340;808;360;788;360;text@贷
086132761.jpg;858;343;918;343;918;358;858;358;text@170.47
086132761.jpg;978;343;1048;343;1048;358;978;358;text@21085.1
086132761.jpg;1118;343;1128;343;1128;358;1118;358;text@0
086132761.jpg;1208;343;1218;343;1218;358;1208;358;text@0
086132761.jpg;1298;343;1338;343;1338;358;1298;358;text@1097
086132761.jpg;43;331;1363;331;1363;367;43;367;行-row@5
086132761.jpg;58;379;158;379;158;394;58;394;text@2020-08-31
086132761.jpg;188;379;348;379;348;394;188;394;text@3562498273446617
086132761.jpg;408;379;418;379;418;393;408;393;text@1
086132761.jpg;498;379;508;379;508;394;498;394;text@6
086132761.jpg;588;379;598;379;598;393;588;393;text@2
086132761.jpg;688;376;728;376;728;396;688;396;text@消费
086132761.jpg;788;376;808;376;808;396;788;396;text@贷
086132761.jpg;858;379;918;379;918;394;858;394;text@942.62
086132761.jpg;978;379;1058;379;1058;394;978;394;text@22027.72
086132761.jpg;1118;379;1128;379;1128;394;1118;394;text@0
086132761.jpg;1208;379;1218;379;1218;394;1208;394;text@0
086132761.jpg;1298;379;1338;379;1338;394;1298;394;text@1041
086132761.jpg;43;367;1363;367;1363;403;43;403;行-row@6
086132761.jpg;58;415;158;415;158;430;58;430;text@2020-09-30
086132761.jpg;188;415;348;415;348;430;188;430;text@3562498273446617
086132761.jpg;408;415;418;415;418;429;408;429;text@1
086132761.jpg;498;415;508;415;508;430;498;430;text@7
086132761.jpg;588;415;598;415;598;429;588;429;text@2
086132761.jpg;668;412;738;412;738;432;668;432;text@ATM取款
086132761.jpg;788;412;808;412;808;432;788;432;text@借
086132761.jpg;858;415;918;415;918;430;858;430;text@608.97
086132761.jpg;978;415;1058;415;1058;430;978;430;text@21418.75
086132761.jpg;1118;415;1128;415;1128;430;1118;430;text@0
086132761.jpg;1208;415;1218;415;1218;430;1208;430;text@0
086132761.jpg;1298;415;1338;415;1338;430;1298;430;text@1088
086132761.jpg;43;403;1363;403;1363;439;43;439;行-row@7
086132761.jpg;58;451;158;451;158;466;58;466;text@2020-10-31
086132761.jpg;188;451;348;451;348;466;188;466;text@3562498273446617
086132761.jpg;408;451;418;451;418;465;408;465;text@1
086132761.jpg;498;451;508;451;508;466;498;466;text@8
086132761.jpg;588;451;598;451;598;465;588;465;text@2
086132761.jpg;688;448;728;448;728;468;688;468;text@工资
086132761.jpg;788;448;808;448;808;468;788;468;text@借
086132761.jpg;858;451;918;451;918;466;858;466;text@291.82
086132761.jpg;978;451;1058;451;1058;466;978;466;text@21126.93
086132761.jpg;1118;451;1128;451;1128;466;1118;466;text@0
086132761.jpg;1208;451;1218;451;1218;466;1208;466;text@0
086132761.jpg;1298;451;1338;451;1338;466;1298;466;text@1029
086132761.jpg;43;439;1363;439;1363;475;43;475;行-row@8
086132761.jpg;58;487;158;487;158;502;58;502;text@2020-11-30
086132761.jpg;188;487;348;487;348;502;188;502;text@3562498273446617
086132761.jpg;408;487;418;487;418;501;408;501;text@1
086132761.jpg;498;487;508;487;508;502;498;502;text@9
086132761.jpg;588;487;598;487;598;502;588;502;text@0
086132761.jpg;668;484;738;484;738;504;668;504;text@ATM取款
086132761.jpg;788;484;808;484;808;504;788;504;text@借
086132761.jpg;858;487;918;487;918;502;858;502;text@680.95
086132761.jpg;978;487;1058;487;1058;502;978;502;text@20445.98
086132761.jpg;1118;487;1128;487;1128;502;1118;502;text@0
086132761.jpg;1208;487;1218;487;1218;502;1208;502;text@0
086132761.jpg;1298;487;1338;487;1338;502;1298;502;text@1050
086132761.jpg;43;475;1363;475;1363;511;43;511;行-row@9
086132761.jpg;58;523;158;523;158;538;58;538;text@2020-12-31
086132761.jpg;188;523;348;523;348;538;188;538;text@3562498273446617
086132761.jpg;408;523;418;523;418;537;408;537;text@1
086132761.jpg;498;523;518;523;518;538;498;538;text@10
086132761.jpg;588;523;598;523;598;537;588;537;text@1
086132761.jpg;668;520;738;520;738;540;668;540;text@ATM取款
086132761.jpg;788;520;808;520;808;540;788;540;text@贷
086132761.jpg;858;523;908;523;908;538;858;538;text@79.66
086132761.jpg;978;523;1058;523;1058;538;978;538;text@20525.64
086132761.jpg;1118;523;1128;523;1128;538;1118;538;text@0
086132761.jpg;1208;523;1218;523;1218;538;1208;538;text@0
086132761.jpg;1298;523;1338;523;1338;538;1298;538;text@1064
086132761.jpg;43;511;1363;511;1363;547;43;547;行-row@10
086132761.jpg;58;559;158;559;158;574;58;574;text@2021-01-31
086132761.jpg;188;559;348;559;348;574;188;574;text@3562498273446617
086132761.jpg;408;559;418;559;418;573;408;573;text@1
086132761.jpg;498;559;518;559;518;573;498;573;text@11
086132761.jpg;588;559;598;559;598;573;588;573;text@1
086132761.jpg;688;556;728;556;728;576;688;576;text@工资
086132761.jpg;788;556;808;556;808;576;788;576;text@借
086132761.jpg;858;559;908;559;908;574;858;574;text@505.3
086132761.jpg;978;559;1058;559;1058;574;978;574;text@20020.34
086132761.jpg;1118;559;1128;559;1128;574;1118;574;text@0
086132761.jpg;1208;559;1218;559;1218;574;1208;574;text@0
086132761.jpg;1298;559;1338;559;1338;574;1298;574;text@1045
086132761.jpg;43;547;1363;547;1363;583;43;583;行-row@11
086132761.jpg;58;595;158;595;158;610;58;610;text@2021-02-28
086132761.jpg;188;595;348;595;348;610;188;610;text@3562498273446617
086132761.jpg;408;595;418;595;418;609;408;609;text@1
086132761.jpg;498;595;518;595;518;609;498;609;text@12
086132761.jpg;588;595;598;595;598;610;588;610;text@0
086132761.jpg;668;592;738;592;738;612;668;612;text@ATM转账
086132761.jpg;788;592;808;592;808;612;788;612;text@借
086132761.jpg;858;595;918;595;918;610;858;610;text@505.55
086132761.jpg;978;595;1058;595;1058;610;978;610;text@19514.79
086132761.jpg;1118;595;1128;595;1128;610;1118;610;text@0
086132761.jpg;1208;595;1218;595;1218;610;1208;610;text@0
086132761.jpg;1298;595;1338;595;1338;610;1298;610;text@1067
086132761.jpg;43;583;1363;583;1363;619;43;619;行-row@12
086132761.jpg;43;151;173;151;173;619;43;619;列-column@0
086132761.jpg;173;151;363;151;363;619;173;619;列-column@1
086132761.jpg;363;151;473;151;473;619;363;619;列-column@2
086132761.jpg;473;151;543;151;543;619;473;619;列-column@3
086132761.jpg;543;151;653;151;653;619;543;619;列-column@4
086132761.jpg;653;151;763;151;763;619;653;619;列-column@5
086132761.jpg;763;151;833;151;833;619;763;619;列-column@6
086132761.jpg;833;151;943;151;943;619;833;619;列-column@7
086132761.jpg;943;151;1093;151;1093;619;943;619;列-column@8
086132761.jpg;1093;151;1163;151;1163;619;1093;619;列-column@9
086132761.jpg;1163;151;1273;151;1273;619;1163;619;列-column@10
086132761.jpg;1273;151;1363;151;1363;619;1273;619;列-column@11
086132761.jpg;43;151;1363;151;1363;619;43;619;表-table@1
