086520047.jpg;486;59;967;60;967;87;486;86;text@宁夏黄河农村商业银行账户历史明细清单
086520047.jpg;373;96;535;97;535;115;373;114;text@卡号:676106766824
086520047.jpg;564;97;650;97;650;115;564;115;text@户名:张莉
086520047.jpg;679;97;860;98;861;116;679;115;text@起始日期:2021-09-28
086520047.jpg;889;98;1071;99;1071;117;889;116;text@截止日期:2023-03-31
086520047.jpg;487;132;631;132;631;150;487;150;text@操作地区:651784
086520047.jpg;660;132;784;133;784;151;660;150;text@操作网点:1095
086520047.jpg;813;133;947;133;947;151;813;151;text@操作柜员:14660
086520047.jpg;114;164;190;165;190;184;114;183;text@工作日期
086520047.jpg;257;165;334;165;334;184;257;184;text@主卡卡号
086520047.jpg;401;165;459;166;459;185;401;184;text@应用号
086520047.jpg;545;166;583;166;583;185;545;185;text@序号
086520047.jpg;612;166;688;166;689;185;612;185;text@交易代码
086520047.jpg;746;167;784;167;784;185;746;185;text@备注
086520047.jpg;851;167;890;167;890;186;851;186;text@借贷
086520047.jpg;938;167;995;167;995;186;938;186;text@发生额
086520047.jpg;1024;168;1100;168;1101;187;1024;187;text@账户余额
086520047.jpg;1129;168;1167;168;1168;187;1129;187;text@存期
086520047.jpg;1196;168;1254;168;1254;187;1197;187;text@约转期
086520047.jpg;1282;169;1359;169;1359;188;1283;188;text@通知种类
086520047.jpg;80;156;1373;160;1374;195;80;190;行-row@0
086520047.jpg;152;199;190;200;190;219;151;218;text@利息
086520047.jpg;80;190;205;191;204;226;79;225;跨行列格-cell@0-0,12-12
086520047.jpg;276;200;334;200;334;219;276;219;text@利息税
086520047.jpg;205;191;348;191;348;226;204;226;跨行列格-cell@0-0,13-13
086520047.jpg;401;200;458;201;458;219;401;218;text@起息日
086520047.jpg;348;191;473;192;473;227;348;226;跨行列格-cell@0-0,14-14
086520047.jpg;526;201;583;201;583;219;526;219;text@止息日
086520047.jpg;473;192;598;192;598;227;473;227;跨行列格-cell@0-0,15-15
086520047.jpg;631;201;689;201;689;220;631;220;text@地区号
086520047.jpg;598;192;703;192;703;227;598;227;跨行列格-cell@0-0,16-16
086520047.jpg;746;202;784;202;785;221;746;221;text@网点
086520047.jpg;703;192;799;193;799;228;703;227;跨行列格-cell@0-0,17-17
086520047.jpg;813;202;890;202;890;221;813;221;text@交易柜员
086520047.jpg;799;193;904;193;905;228;799;228;跨行列格-cell@0-0,18-18
086520047.jpg;957;203;995;203;996;221;957;221;text@界面
086520047.jpg;904;193;1010;194;1010;229;905;228;跨行列格-cell@0-0,19-19
086520047.jpg;94;236;190;237;190;252;94;251;text@2021-09-30
086520047.jpg;218;237;334;237;334;252;218;252;text@676106766824
086520047.jpg;449;237;458;238;458;252;449;251;text@1
086520047.jpg;574;238;583;238;583;252;574;252;text@1
086520047.jpg;679;238;689;238;689;252;679;252;text@1
086520047.jpg;746;236;785;236;785;256;746;256;text@工资
086520047.jpg;871;236;890;236;890;256;871;256;text@贷
086520047.jpg;938;239;996;239;996;254;938;254;text@430.36
086520047.jpg;1025;240;1101;240;1102;255;1025;255;text@19377.36
086520047.jpg;1159;240;1169;240;1169;255;1159;255;text@0
086520047.jpg;1197;237;1255;237;1255;257;1198;257;text@不转存
086520047.jpg;1351;241;1361;241;1361;256;1351;256;text@0
086520047.jpg;79;225;1375;230;1376;264;79;260;行-row@1
086520047.jpg;180;272;189;272;189;287;180;287;text@0
086520047.jpg;79;260;204;261;203;295;79;294;跨行列格-cell@1-1,12-12
086520047.jpg;324;272;333;272;333;287;324;287;text@0
086520047.jpg;204;261;348;261;348;295;203;295;跨行列格-cell@1-1,13-13
086520047.jpg;362;272;458;273;458;288;362;287;text@2021-09-28
086520047.jpg;348;261;473;261;473;296;348;295;跨行列格-cell@1-1,14-14
086520047.jpg;487;273;583;273;583;288;487;288;text@2099-12-31
086520047.jpg;473;261;598;261;598;296;473;296;跨行列格-cell@1-1,15-15
086520047.jpg;631;273;689;273;689;288;631;288;text@651784
086520047.jpg;598;261;703;261;703;296;598;296;跨行列格-cell@1-1,16-16
086520047.jpg;746;274;785;274;785;289;747;289;text@1056
086520047.jpg;703;261;799;262;799;297;703;296;跨行列格-cell@1-1,17-17
086520047.jpg;843;274;891;274;891;289;843;289;text@14796
086520047.jpg;799;262;905;262;905;297;799;297;跨行列格-cell@1-1,18-18
086520047.jpg;929;271;996;271;996;291;929;291;text@ATM交易
086520047.jpg;905;262;1011;263;1011;298;905;297;跨行列格-cell@1-1,19-19
086520047.jpg;93;306;189;307;189;321;93;321;text@2021-10-31
086520047.jpg;218;307;333;307;333;321;218;321;text@676106766824
086520047.jpg;449;307;458;308;458;321;448;321;text@1
086520047.jpg;574;308;583;308;583;321;574;321;text@2
086520047.jpg;679;308;689;308;689;321;679;321;text@2
086520047.jpg;747;306;785;306;785;325;747;325;text@现存
086520047.jpg;872;306;891;306;891;325;872;325;text@借
086520047.jpg;939;309;997;309;997;323;939;323;text@617.85
086520047.jpg;1025;310;1102;310;1103;324;1026;324;text@18759.51
086520047.jpg;1160;310;1170;310;1170;324;1160;324;text@0
086520047.jpg;1199;307;1256;307;1257;326;1199;326;text@不转存
086520047.jpg;1352;311;1362;311;1362;325;1353;325;text@0
086520047.jpg;79;294;1376;299;1376;334;77;329;行-row@2
086520047.jpg;178;342;188;342;187;356;178;356;text@0
086520047.jpg;77;329;202;330;202;365;77;364;跨行列格-cell@2-2,12-12
086520047.jpg;322;342;332;342;332;356;322;356;text@0
086520047.jpg;202;330;346;330;346;365;202;365;跨行列格-cell@2-2,13-13
086520047.jpg;361;342;457;343;457;357;361;356;text@2021-09-28
086520047.jpg;346;330;472;331;471;366;346;365;跨行列格-cell@2-2,14-14
086520047.jpg;486;343;582;343;582;357;486;357;text@2099-12-31
086520047.jpg;472;331;597;331;597;366;471;366;跨行列格-cell@2-2,15-15
086520047.jpg;630;343;688;343;688;357;630;357;text@651784
086520047.jpg;597;331;702;331;703;366;597;366;跨行列格-cell@2-2,16-16
086520047.jpg;746;344;784;344;784;358;746;358;text@1041
086520047.jpg;702;331;799;332;799;367;703;366;跨行列格-cell@2-2,17-17
086520047.jpg;842;344;890;344;890;358;842;358;text@18223
086520047.jpg;799;332;905;332;905;367;799;367;跨行列格-cell@2-2,18-18
086520047.jpg;919;341;996;341;996;360;919;360;text@网上银行
086520047.jpg;905;332;1010;333;1011;368;905;367;跨行列格-cell@2-2,19-19
086520047.jpg;91;376;187;377;187;391;91;390;text@2021-11-30
086520047.jpg;216;377;332;377;332;391;216;391;text@676106766824
086520047.jpg;447;377;457;378;457;391;447;390;text@1
086520047.jpg;573;378;582;378;582;392;573;392;text@3
086520047.jpg;679;378;688;378;688;392;679;392;text@0
086520047.jpg;717;375;785;376;785;395;717;394;text@ATM转账
086520047.jpg;871;376;890;376;891;395;871;395;text@借
086520047.jpg;939;379;996;379;997;393;939;393;text@447.89
086520047.jpg;1025;380;1102;380;1103;394;1026;394;text@18311.62
086520047.jpg;1160;380;1170;380;1170;394;1160;394;text@0
086520047.jpg;1199;377;1257;377;1257;396;1199;396;text@不转存
086520047.jpg;1353;381;1363;381;1363;395;1353;395;text@0
086520047.jpg;77;364;1377;369;1378;404;76;399;行-row@3
086520047.jpg;177;412;187;412;187;426;177;426;text@0
086520047.jpg;76;399;201;400;201;435;76;434;跨行列格-cell@3-3,12-12
086520047.jpg;322;412;332;412;331;426;322;426;text@0
086520047.jpg;201;400;346;400;346;435;201;435;跨行列格-cell@3-3,13-13
086520047.jpg;360;412;457;413;457;427;360;426;text@2021-09-28
086520047.jpg;346;400;471;401;471;436;346;435;跨行列格-cell@3-3,14-14
086520047.jpg;486;413;582;413;582;427;486;427;text@2099-12-31
086520047.jpg;471;401;597;401;597;436;471;436;跨行列格-cell@3-3,15-15
086520047.jpg;630;413;688;413;688;427;630;427;text@651784
086520047.jpg;597;401;703;401;703;436;597;436;跨行列格-cell@3-3,16-16
086520047.jpg;746;414;785;414;785;428;746;428;text@1036
086520047.jpg;703;401;799;402;799;437;703;436;跨行列格-cell@3-3,17-17
086520047.jpg;843;414;891;414;891;428;843;428;text@14869
086520047.jpg;799;402;905;402;905;437;799;437;跨行列格-cell@3-3,18-18
086520047.jpg;929;411;997;411;997;430;930;430;text@POS交易
086520047.jpg;905;402;1011;403;1012;438;905;437;跨行列格-cell@3-3,19-19
086520047.jpg;90;446;187;447;186;462;90;461;text@2021-12-31
086520047.jpg;215;447;331;447;331;462;215;462;text@676106766824
086520047.jpg;447;447;457;448;457;462;447;461;text@1
086520047.jpg;573;448;582;448;582;462;573;462;text@4
086520047.jpg;679;448;688;448;688;463;679;463;text@0
086520047.jpg;746;446;785;446;785;465;746;465;text@工资
086520047.jpg;872;446;891;446;891;465;872;465;text@贷
086520047.jpg;939;449;997;449;997;464;940;464;text@198.24
086520047.jpg;1026;450;1103;450;1104;465;1026;465;text@18509.86
086520047.jpg;1161;450;1171;450;1171;465;1162;465;text@0
086520047.jpg;1200;447;1258;447;1258;466;1200;466;text@不转存
086520047.jpg;1354;451;1364;451;1364;465;1355;465;text@0
086520047.jpg;76;434;1378;439;1379;474;75;469;行-row@4
086520047.jpg;176;482;186;482;186;497;176;497;text@0
086520047.jpg;75;469;201;470;200;506;75;505;跨行列格-cell@4-4,12-12
086520047.jpg;321;482;331;482;331;497;321;497;text@0
086520047.jpg;201;470;346;470;345;506;200;506;跨行列格-cell@4-4,13-13
086520047.jpg;360;482;457;483;457;498;360;497;text@2021-09-28
086520047.jpg;346;470;471;471;471;507;345;506;跨行列格-cell@4-4,14-14
086520047.jpg;486;483;582;483;582;498;486;498;text@2099-12-31
086520047.jpg;471;471;597;471;597;507;471;507;跨行列格-cell@4-4,15-15
086520047.jpg;631;483;689;483;689;498;631;498;text@651784
086520047.jpg;597;471;703;471;703;507;597;507;跨行列格-cell@4-4,16-16
086520047.jpg;746;484;785;484;785;499;747;499;text@1056
086520047.jpg;703;471;800;472;800;508;703;507;跨行列格-cell@4-4,17-17
086520047.jpg;843;484;891;484;892;499;843;499;text@15042
086520047.jpg;800;472;906;472;906;508;800;508;跨行列格-cell@4-4,18-18
086520047.jpg;930;481;998;481;998;501;930;501;text@POS交易
086520047.jpg;906;472;1012;473;1012;509;906;508;跨行列格-cell@4-4,19-19
086520047.jpg;89;516;186;517;186;532;89;531;text@2022-01-31
086520047.jpg;215;517;331;517;331;532;215;532;text@676106766824
086520047.jpg;447;517;457;518;456;532;447;531;text@1
086520047.jpg;573;518;582;518;582;533;573;533;text@5
086520047.jpg;679;518;689;518;689;532;679;532;text@1
086520047.jpg;747;516;785;516;785;536;747;536;text@现存
086520047.jpg;872;516;892;516;892;536;872;536;text@借
086520047.jpg;940;519;998;519;998;534;940;534;text@112.76
086520047.jpg;1037;520;1104;520;1105;535;1037;535;text@18397.1
086520047.jpg;1162;520;1172;520;1172;535;1163;535;text@0
086520047.jpg;1201;517;1259;517;1260;537;1201;537;text@不转存
086520047.jpg;1356;521;1366;521;1366;536;1356;536;text@0
086520047.jpg;75;505;1380;509;1381;545;74;540;行-row@5
086520047.jpg;176;553;185;553;185;567;176;567;text@0
086520047.jpg;74;540;200;541;200;576;74;575;跨行列格-cell@5-5,12-12
086520047.jpg;321;553;331;553;330;567;321;567;text@0
086520047.jpg;200;541;345;541;345;576;200;576;跨行列格-cell@5-5,13-13
086520047.jpg;360;553;456;554;456;568;360;567;text@2021-09-28
086520047.jpg;345;541;471;542;471;577;345;576;跨行列格-cell@5-5,14-14
086520047.jpg;485;554;582;554;582;568;485;568;text@2099-12-31
086520047.jpg;471;542;597;542;597;577;471;577;跨行列格-cell@5-5,15-15
086520047.jpg;631;554;689;554;689;568;631;568;text@651784
086520047.jpg;597;542;703;542;703;577;597;577;跨行列格-cell@5-5,16-16
086520047.jpg;747;555;786;555;786;569;747;569;text@1033
086520047.jpg;703;542;800;543;800;578;703;577;跨行列格-cell@5-5,17-17
086520047.jpg;844;555;892;555;892;569;844;569;text@17878
086520047.jpg;800;543;906;543;907;578;800;578;跨行列格-cell@5-5,18-18
086520047.jpg;921;552;998;552;999;571;921;571;text@批量业务
086520047.jpg;906;543;1013;544;1013;579;907;578;跨行列格-cell@5-5,19-19
086520047.jpg;88;587;185;588;185;603;88;602;text@2022-02-28
086520047.jpg;214;588;330;588;330;603;214;603;text@676106766824
086520047.jpg;447;588;456;589;456;603;447;602;text@1
086520047.jpg;573;589;582;589;582;604;573;604;text@6
086520047.jpg;679;589;689;589;689;603;679;603;text@1
086520047.jpg;718;586;786;587;786;607;718;606;text@ATM转账
086520047.jpg;873;587;892;587;892;607;873;607;text@借
086520047.jpg;941;590;999;590;999;605;941;605;text@240.22
086520047.jpg;1028;591;1105;591;1106;606;1028;606;text@18156.88
086520047.jpg;1164;591;1173;591;1174;606;1164;606;text@0
086520047.jpg;1202;588;1260;588;1261;608;1203;608;text@不转存
086520047.jpg;1357;592;1367;592;1367;607;1358;607;text@0
086520047.jpg;74;575;1381;580;1381;616;72;611;行-row@6
086520047.jpg;174;623;184;623;184;638;174;638;text@0
086520047.jpg;72;611;198;612;198;647;72;646;跨行列格-cell@6-6,12-12
086520047.jpg;319;623;329;623;329;638;319;638;text@0
086520047.jpg;198;612;344;612;344;647;198;647;跨行列格-cell@6-6,13-13
086520047.jpg;358;623;455;624;455;639;358;638;text@2021-09-28
086520047.jpg;344;612;470;613;470;648;344;647;跨行列格-cell@6-6,14-14
086520047.jpg;484;624;581;624;581;639;484;639;text@2099-12-31
086520047.jpg;470;613;596;613;596;648;470;648;跨行列格-cell@6-6,15-15
086520047.jpg;630;624;688;624;688;639;630;639;text@651784
086520047.jpg;596;613;702;613;703;648;596;648;跨行列格-cell@6-6,16-16
086520047.jpg;746;625;785;625;785;640;746;640;text@1023
086520047.jpg;702;613;799;614;800;649;703;648;跨行列格-cell@6-6,17-17
086520047.jpg;843;625;892;625;892;640;843;640;text@12907
086520047.jpg;799;614;906;614;906;649;800;649;跨行列格-cell@6-6,18-18
086520047.jpg;930;622;998;622;998;642;931;642;text@POS交易
086520047.jpg;906;614;1013;615;1013;650;906;649;跨行列格-cell@6-6,19-19
086520047.jpg;86;658;183;659;183;674;86;673;text@2022-03-31
086520047.jpg;212;659;329;659;329;674;212;674;text@676106766824
086520047.jpg;445;659;455;660;455;674;445;673;text@1
086520047.jpg;572;660;581;660;581;675;572;675;text@7
086520047.jpg;678;660;688;660;688;674;678;674;text@1
086520047.jpg;717;657;785;658;785;678;717;677;text@ATM取款
086520047.jpg;872;658;892;658;892;678;873;678;text@贷
086520047.jpg;940;661;999;661;999;676;941;676;text@750.79
086520047.jpg;1028;662;1106;662;1106;677;1028;677;text@18907.67
086520047.jpg;1164;662;1173;662;1174;677;1164;677;text@0
086520047.jpg;1203;659;1261;659;1261;679;1203;679;text@不转存
086520047.jpg;1358;663;1368;663;1368;678;1358;678;text@0
086520047.jpg;72;646;1382;651;1383;687;71;682;行-row@7
086520047.jpg;173;694;183;694;183;709;173;709;text@0
086520047.jpg;71;682;198;683;197;718;71;717;跨行列格-cell@7-7,12-12
086520047.jpg;319;694;329;694;329;709;319;709;text@0
086520047.jpg;198;683;343;683;343;718;197;718;跨行列格-cell@7-7,13-13
086520047.jpg;358;694;455;695;455;710;358;709;text@2021-09-28
086520047.jpg;343;683;470;684;470;719;343;718;跨行列格-cell@7-7,14-14
086520047.jpg;484;695;581;695;581;710;484;710;text@2099-12-31
086520047.jpg;470;684;596;684;596;719;470;719;跨行列格-cell@7-7,15-15
086520047.jpg;630;695;688;695;688;710;630;710;text@651784
086520047.jpg;596;684;703;684;703;719;596;719;跨行列格-cell@7-7,16-16
086520047.jpg;746;696;785;696;785;711;747;711;text@1079
086520047.jpg;703;684;800;685;800;720;703;719;跨行列格-cell@7-7,17-17
086520047.jpg;844;696;892;696;892;711;844;711;text@13889
086520047.jpg;800;685;907;685;907;720;800;720;跨行列格-cell@7-7,18-18
086520047.jpg;931;693;999;693;999;713;931;713;text@ATM交易
086520047.jpg;907;685;1014;686;1014;721;907;720;跨行列格-cell@7-7,19-19
086520047.jpg;85;729;183;730;182;745;85;744;text@2022-04-30
086520047.jpg;212;730;328;730;328;745;212;745;text@676106766824
086520047.jpg;445;730;455;731;455;745;445;744;text@1
086520047.jpg;572;731;581;731;581;746;572;746;text@8
086520047.jpg;679;731;688;731;688;746;679;746;text@0
086520047.jpg;717;728;786;729;786;749;718;748;text@ATM取款
086520047.jpg;873;729;893;729;893;749;873;749;text@贷
086520047.jpg;951;732;1000;732;1000;747;951;747;text@584.7
086520047.jpg;1029;733;1107;733;1107;748;1029;748;text@19492.37
086520047.jpg;1165;733;1175;733;1175;748;1165;748;text@0
086520047.jpg;1204;730;1262;730;1262;750;1204;750;text@不转存
086520047.jpg;1359;734;1369;734;1369;749;1360;749;text@0
086520047.jpg;71;717;1383;722;1384;758;70;753;行-row@8
086520047.jpg;172;766;182;766;182;781;172;781;text@0
086520047.jpg;70;753;197;754;197;790;70;789;跨行列格-cell@8-8,12-12
086520047.jpg;318;766;328;766;328;781;318;781;text@0
086520047.jpg;197;754;343;754;343;790;197;790;跨行列格-cell@8-8,13-13
086520047.jpg;357;766;455;767;455;782;357;781;text@2021-09-28
086520047.jpg;343;754;469;755;469;791;343;790;跨行列格-cell@8-8,14-14
086520047.jpg;484;767;581;767;581;782;484;782;text@2099-12-31
086520047.jpg;469;755;596;755;596;791;469;791;跨行列格-cell@8-8,15-15
086520047.jpg;630;767;688;767;688;782;630;782;text@651784
086520047.jpg;596;755;703;755;703;791;596;791;跨行列格-cell@8-8,16-16
086520047.jpg;747;768;786;768;786;783;747;783;text@1023
086520047.jpg;703;755;800;756;801;792;703;791;跨行列格-cell@8-8,17-17
086520047.jpg;844;768;893;768;893;783;844;783;text@15379
086520047.jpg;800;756;907;756;908;792;801;792;跨行列格-cell@8-8,18-18
086520047.jpg;922;765;1000;765;1000;785;922;785;text@批量业务
086520047.jpg;907;756;1014;757;1015;793;908;792;跨行列格-cell@8-8,19-19
086520047.jpg;84;801;182;802;182;816;84;815;text@2022-05-31
086520047.jpg;211;802;328;802;328;816;211;816;text@676106766824
086520047.jpg;445;802;455;803;455;816;445;815;text@1
086520047.jpg;572;803;581;803;581;817;572;817;text@9
086520047.jpg;679;803;689;803;689;816;679;816;text@2
086520047.jpg;718;800;786;801;786;820;718;819;text@ATM转账
086520047.jpg;874;801;893;801;893;820;874;820;text@贷
086520047.jpg;942;804;1000;804;1001;818;942;818;text@316.19
086520047.jpg;1030;805;1108;805;1108;819;1030;819;text@19808.56
086520047.jpg;1166;805;1176;805;1176;819;1166;819;text@0
086520047.jpg;1205;802;1263;802;1264;821;1205;821;text@不转存
086520047.jpg;1361;806;1371;806;1371;820;1361;820;text@0
086520047.jpg;70;789;1385;794;1386;829;69;824;行-row@9
086520047.jpg;172;837;181;837;181;852;172;852;text@0
086520047.jpg;69;824;196;825;196;861;69;860;跨行列格-cell@9-9,12-12
086520047.jpg;318;837;328;837;328;852;318;852;text@0
086520047.jpg;196;825;342;825;342;861;196;861;跨行列格-cell@9-9,13-13
086520047.jpg;357;837;455;838;454;853;357;852;text@2021-09-28
086520047.jpg;342;825;469;826;469;862;342;861;跨行列格-cell@9-9,14-14
086520047.jpg;484;838;581;838;581;853;484;853;text@2099-12-31
086520047.jpg;469;826;596;826;596;862;469;862;跨行列格-cell@9-9,15-15
086520047.jpg;630;838;689;838;689;853;630;853;text@651784
086520047.jpg;596;826;703;826;703;862;596;862;跨行列格-cell@9-9,16-16
086520047.jpg;747;839;786;839;786;854;747;854;text@1034
086520047.jpg;703;826;801;827;801;863;703;862;跨行列格-cell@9-9,17-17
086520047.jpg;845;839;893;839;894;854;845;854;text@12724
086520047.jpg;801;827;908;827;908;863;801;863;跨行列格-cell@9-9,18-18
086520047.jpg;923;836;1001;836;1001;856;923;856;text@网上银行
086520047.jpg;908;827;1015;828;1016;864;908;863;跨行列格-cell@9-9,19-19
086520047.jpg;83;872;181;873;181;888;83;887;text@2022-06-30
086520047.jpg;210;873;328;873;327;888;210;888;text@676106766824
086520047.jpg;445;873;454;874;454;888;445;887;text@1
086520047.jpg;562;874;581;874;581;889;562;889;text@10
086520047.jpg;679;874;689;874;689;888;679;888;text@2
086520047.jpg;747;872;786;872;786;892;747;892;text@工资
086520047.jpg;874;872;894;872;894;892;874;892;text@贷
086520047.jpg;943;875;1001;875;1001;890;943;890;text@546.82
086520047.jpg;1030;876;1109;876;1109;891;1031;891;text@20355.38
086520047.jpg;1167;876;1177;876;1177;891;1167;891;text@0
086520047.jpg;1206;873;1265;873;1265;893;1206;893;text@不转存
086520047.jpg;1362;877;1372;877;1373;892;1363;892;text@0
086520047.jpg;69;860;1387;865;1386;901;68;896;行-row@10
086520047.jpg;170;909;180;909;180;924;170;924;text@0
086520047.jpg;68;896;195;897;194;933;67;932;跨行列格-cell@10-10,12-12
086520047.jpg;317;909;326;909;326;924;316;924;text@0
086520047.jpg;195;897;341;897;341;933;194;933;跨行列格-cell@10-10,13-13
086520047.jpg;356;909;453;910;453;925;356;924;text@2021-09-28
086520047.jpg;341;897;468;898;468;934;341;933;跨行列格-cell@10-10,14-14
086520047.jpg;483;910;580;910;580;925;483;925;text@2099-12-31
086520047.jpg;468;898;595;898;595;934;468;934;跨行列格-cell@10-10,15-15
086520047.jpg;629;910;688;910;688;925;629;925;text@651784
086520047.jpg;595;898;702;898;703;934;595;934;跨行列格-cell@10-10,16-16
086520047.jpg;746;911;786;911;786;926;747;926;text@1014
086520047.jpg;702;898;800;899;800;935;703;934;跨行列格-cell@10-10,17-17
086520047.jpg;844;911;893;911;893;926;844;926;text@13678
086520047.jpg;800;899;908;899;908;935;800;935;跨行列格-cell@10-10,18-18
086520047.jpg;932;908;1001;908;1001;928;932;928;text@ATM交易
086520047.jpg;908;899;1015;900;1016;936;908;935;跨行列格-cell@10-10,19-19
086520047.jpg;82;944;179;945;179;960;81;959;text@2022-07-31
086520047.jpg;209;945;326;945;326;960;209;960;text@676106766824
086520047.jpg;443;945;453;946;453;960;443;959;text@1
086520047.jpg;561;946;580;946;580;960;561;960;text@11
086520047.jpg;678;946;688;946;688;960;678;960;text@1
086520047.jpg;717;943;786;944;786;964;717;963;text@ATM转账
086520047.jpg;874;944;893;944;894;964;874;964;text@借
086520047.jpg;942;947;1001;947;1001;962;942;962;text@632.17
086520047.jpg;1030;948;1109;948;1109;963;1031;963;text@19723.21
086520047.jpg;1167;948;1177;948;1177;963;1168;963;text@0
086520047.jpg;1206;945;1265;945;1265;965;1207;965;text@不转存
086520047.jpg;1363;949;1373;949;1373;964;1363;964;text@0
086520047.jpg;67;932;1387;937;1388;973;67;968;行-row@11
086520047.jpg;169;981;179;981;179;997;169;997;text@0
086520047.jpg;67;968;194;969;193;1006;66;1005;跨行列格-cell@11-11,12-12
086520047.jpg;316;981;326;981;326;997;316;997;text@0
086520047.jpg;194;969;341;969;340;1006;193;1006;跨行列格-cell@11-11,13-13
086520047.jpg;355;981;453;982;453;998;355;997;text@2021-09-28
086520047.jpg;341;969;468;970;468;1007;340;1006;跨行列格-cell@11-11,14-14
086520047.jpg;482;982;580;982;580;998;482;998;text@2099-12-31
086520047.jpg;468;970;595;970;595;1007;468;1007;跨行列格-cell@11-11,15-15
086520047.jpg;629;982;688;982;688;998;629;998;text@651784
086520047.jpg;595;970;703;970;703;1007;595;1007;跨行列格-cell@11-11,16-16
086520047.jpg;747;983;786;983;786;999;747;999;text@1044
086520047.jpg;703;970;801;971;801;1008;703;1007;跨行列格-cell@11-11,17-17
086520047.jpg;845;983;894;983;894;999;845;999;text@11384
086520047.jpg;801;971;908;971;909;1008;801;1008;跨行列格-cell@11-11,18-18
086520047.jpg;923;980;1001;980;1002;1001;923;1001;text@网上银行
086520047.jpg;908;971;1016;972;1016;1009;909;1008;跨行列格-cell@11-11,19-19
086520047.jpg;81;1017;179;1018;178;1033;80;1032;text@2022-08-31
086520047.jpg;208;1018;326;1018;325;1033;208;1033;text@676106766824
086520047.jpg;443;1018;453;1019;453;1033;443;1032;text@1
086520047.jpg;561;1019;580;1019;580;1033;561;1033;text@12
086520047.jpg;678;1019;688;1019;688;1033;678;1033;text@1
086520047.jpg;718;1016;786;1017;786;1037;718;1036;text@ATM转账
086520047.jpg;874;1017;894;1017;894;1037;875;1037;text@贷
086520047.jpg;943;1020;1002;1020;1002;1035;943;1035;text@720.88
086520047.jpg;1031;1021;1110;1021;1110;1036;1031;1036;text@20444.09
086520047.jpg;1168;1021;1178;1021;1178;1036;1169;1036;text@0
086520047.jpg;1208;1018;1266;1018;1267;1038;1208;1038;text@不转存
086520047.jpg;1364;1022;1374;1022;1375;1037;1365;1037;text@0
086520047.jpg;66;1005;1389;1010;1389;1046;66;1041;行-row@12
086520047.jpg;168;1054;178;1054;178;1069;168;1069;text@0
086520047.jpg;66;1041;193;1042;193;1078;65;1077;跨行列格-cell@12-12,12-12
086520047.jpg;316;1054;325;1054;325;1069;315;1069;text@0
086520047.jpg;193;1042;340;1042;340;1078;193;1078;跨行列格-cell@12-12,13-13
086520047.jpg;355;1054;453;1055;453;1070;355;1069;text@2021-09-28
086520047.jpg;340;1042;468;1043;468;1079;340;1078;跨行列格-cell@12-12,14-14
086520047.jpg;482;1055;580;1055;580;1070;482;1070;text@2099-12-31
086520047.jpg;468;1043;595;1043;595;1079;468;1079;跨行列格-cell@12-12,15-15
086520047.jpg;629;1055;688;1055;688;1070;629;1070;text@651784
086520047.jpg;595;1043;703;1043;703;1079;595;1079;跨行列格-cell@12-12,16-16
086520047.jpg;747;1056;786;1056;786;1071;747;1071;text@1061
086520047.jpg;703;1043;801;1044;801;1080;703;1079;跨行列格-cell@12-12,17-17
086520047.jpg;845;1056;894;1056;894;1071;845;1071;text@12549
086520047.jpg;801;1044;909;1044;909;1080;801;1080;跨行列格-cell@12-12,18-18
086520047.jpg;934;1053;1002;1053;1002;1073;934;1073;text@ATM交易
086520047.jpg;909;1044;1017;1045;1017;1081;909;1080;跨行列格-cell@12-12,19-19
086520047.jpg;80;1089;178;1090;178;1105;79;1104;text@2022-09-30
086520047.jpg;207;1090;325;1090;325;1105;207;1105;text@676106766824
086520047.jpg;443;1090;453;1091;453;1105;443;1104;text@1
086520047.jpg;561;1091;580;1091;580;1106;561;1106;text@13
086520047.jpg;679;1091;688;1091;688;1105;679;1105;text@1
086520047.jpg;718;1088;787;1089;787;1109;718;1108;text@ATM转账
086520047.jpg;875;1089;895;1089;895;1109;875;1109;text@贷
086520047.jpg;954;1092;1003;1092;1003;1107;954;1107;text@17.28
086520047.jpg;1032;1093;1111;1093;1111;1108;1032;1108;text@20461.37
086520047.jpg;1170;1093;1179;1093;1180;1108;1170;1108;text@0
086520047.jpg;1209;1090;1268;1090;1268;1110;1209;1110;text@不转存
086520047.jpg;1366;1094;1376;1094;1376;1109;1366;1109;text@0
086520047.jpg;65;1077;1390;1082;1391;1118;65;1113;行-row@13
086520047.jpg;168;1127;177;1127;177;1142;167;1142;text@0
086520047.jpg;65;1113;192;1114;192;1151;64;1150;跨行列格-cell@13-13,12-12
086520047.jpg;315;1127;325;1127;325;1142;315;1142;text@0
086520047.jpg;192;1114;340;1114;339;1151;192;1151;跨行列格-cell@13-13,13-13
086520047.jpg;354;1127;453;1128;453;1143;354;1142;text@2021-09-28
086520047.jpg;340;1114;467;1115;467;1152;339;1151;跨行列格-cell@13-13,14-14
086520047.jpg;482;1128;580;1128;580;1143;482;1143;text@2099-12-31
086520047.jpg;467;1115;595;1115;595;1152;467;1152;跨行列格-cell@13-13,15-15
086520047.jpg;630;1128;689;1128;689;1143;630;1143;text@651784
086520047.jpg;595;1115;703;1115;703;1152;595;1152;跨行列格-cell@13-13,16-16
086520047.jpg;747;1129;787;1129;787;1144;748;1144;text@1046
086520047.jpg;703;1115;801;1116;802;1153;703;1152;跨行列格-cell@13-13,17-17
086520047.jpg;846;1129;895;1129;895;1144;846;1144;text@15230
086520047.jpg;801;1116;910;1116;910;1153;802;1153;跨行列格-cell@13-13,18-18
086520047.jpg;924;1126;1003;1126;1003;1146;925;1146;text@批量业务
086520047.jpg;910;1116;1018;1117;1018;1154;910;1153;跨行列格-cell@13-13,19-19
086520047.jpg;79;1162;177;1163;177;1178;78;1177;text@2022-10-31
086520047.jpg;207;1163;325;1163;325;1178;206;1178;text@676106766824
086520047.jpg;443;1163;453;1164;452;1178;443;1177;text@1
086520047.jpg;561;1164;580;1164;580;1178;561;1178;text@14
086520047.jpg;679;1164;689;1164;689;1179;679;1179;text@0
086520047.jpg;748;1162;787;1162;787;1182;748;1182;text@工资
086520047.jpg;876;1162;895;1162;895;1182;876;1182;text@贷
086520047.jpg;944;1165;1003;1165;1004;1180;945;1180;text@941.17
086520047.jpg;1033;1166;1112;1166;1112;1181;1033;1181;text@21402.54
086520047.jpg;1171;1166;1181;1166;1181;1181;1171;1181;text@0
086520047.jpg;1210;1163;1269;1163;1269;1183;1210;1183;text@不转存
086520047.jpg;1368;1167;1377;1167;1378;1182;1368;1182;text@0
086520047.jpg;64;1150;1392;1155;1392;1191;63;1186;行-row@14
086520047.jpg;166;1200;176;1200;176;1215;166;1215;text@0
086520047.jpg;63;1186;191;1187;190;1224;62;1223;跨行列格-cell@14-14,12-12
086520047.jpg;314;1200;323;1200;323;1215;313;1215;text@0
086520047.jpg;191;1187;338;1187;338;1224;190;1224;跨行列格-cell@14-14,13-13
086520047.jpg;353;1200;451;1201;451;1216;353;1215;text@2021-09-28
086520047.jpg;338;1187;466;1188;466;1225;338;1224;跨行列格-cell@14-14,14-14
086520047.jpg;481;1201;579;1201;579;1216;481;1216;text@2099-12-31
086520047.jpg;466;1188;594;1188;594;1225;466;1225;跨行列格-cell@14-14,15-15
086520047.jpg;629;1201;688;1201;688;1216;629;1216;text@651784
086520047.jpg;594;1188;702;1188;703;1225;594;1225;跨行列格-cell@14-14,16-16
086520047.jpg;747;1202;786;1202;786;1217;747;1217;text@1094
086520047.jpg;702;1188;801;1189;801;1226;703;1225;跨行列格-cell@14-14,17-17
086520047.jpg;845;1202;895;1202;895;1217;845;1217;text@17317
086520047.jpg;801;1189;909;1189;910;1226;801;1226;跨行列格-cell@14-14,18-18
086520047.jpg;934;1199;1003;1199;1003;1219;934;1219;text@POS交易
086520047.jpg;909;1189;1018;1190;1018;1227;910;1226;跨行列格-cell@14-14,19-19
086520047.jpg;77;1235;175;1236;175;1251;77;1250;text@2022-11-30
086520047.jpg;205;1236;323;1236;323;1251;205;1251;text@676106766824
086520047.jpg;441;1236;451;1237;451;1251;441;1250;text@1
086520047.jpg;560;1237;579;1237;579;1252;560;1252;text@15
086520047.jpg;678;1237;688;1237;688;1251;678;1251;text@1
086520047.jpg;747;1235;786;1235;787;1256;747;1256;text@消费
086520047.jpg;875;1235;895;1235;895;1256;875;1256;text@贷
086520047.jpg;944;1238;1003;1238;1003;1253;944;1253;text@553.06
086520047.jpg;1043;1239;1112;1239;1112;1254;1043;1254;text@21955.6
086520047.jpg;1171;1239;1181;1239;1181;1254;1171;1254;text@0
086520047.jpg;1210;1236;1269;1236;1270;1257;1211;1257;text@不转存
086520047.jpg;1368;1240;1378;1240;1378;1256;1368;1256;text@0
086520047.jpg;62;1223;1392;1228;1393;1265;62;1260;行-row@15
086520047.jpg;165;1273;175;1273;175;1288;165;1288;text@0
086520047.jpg;62;1260;190;1261;189;1297;61;1296;跨行列格-cell@15-15,12-12
086520047.jpg;313;1273;323;1273;323;1288;313;1288;text@0
086520047.jpg;190;1261;338;1261;338;1297;189;1297;跨行列格-cell@15-15,13-13
086520047.jpg;353;1273;451;1274;451;1289;352;1288;text@2021-09-28
086520047.jpg;338;1261;466;1262;466;1298;338;1297;跨行列格-cell@15-15,14-14
086520047.jpg;481;1274;579;1274;579;1289;481;1289;text@2099-12-31
086520047.jpg;466;1262;594;1262;594;1298;466;1298;跨行列格-cell@15-15,15-15
086520047.jpg;629;1274;688;1274;688;1289;629;1289;text@651784
086520047.jpg;594;1262;703;1262;703;1298;594;1298;跨行列格-cell@15-15,16-16
086520047.jpg;747;1275;787;1275;787;1290;747;1290;text@1095
086520047.jpg;703;1262;801;1263;802;1299;703;1298;跨行列格-cell@15-15,17-17
086520047.jpg;846;1275;895;1275;895;1290;846;1290;text@18397
086520047.jpg;801;1263;910;1263;910;1299;802;1299;跨行列格-cell@15-15,18-18
086520047.jpg;925;1272;1004;1272;1004;1292;925;1292;text@批量业务
086520047.jpg;910;1263;1018;1264;1019;1300;910;1299;跨行列格-cell@15-15,19-19
086520047.jpg;76;1309;175;1310;174;1325;76;1324;text@2022-12-31
086520047.jpg;204;1310;323;1310;323;1325;204;1325;text@676106766824
086520047.jpg;441;1310;451;1311;451;1325;441;1324;text@1
086520047.jpg;560;1311;579;1311;579;1326;560;1326;text@16
086520047.jpg;678;1311;688;1311;688;1326;678;1326;text@0
086520047.jpg;747;1309;787;1309;787;1329;747;1329;text@现存
086520047.jpg;876;1309;895;1309;896;1329;876;1329;text@贷
086520047.jpg;945;1312;1004;1312;1004;1327;945;1327;text@246.75
086520047.jpg;1034;1313;1113;1313;1113;1328;1034;1328;text@22202.35
086520047.jpg;1172;1313;1182;1313;1182;1328;1172;1328;text@0
086520047.jpg;1211;1310;1271;1310;1271;1330;1212;1330;text@不转存
086520047.jpg;1370;1314;1379;1314;1380;1329;1370;1329;text@0
086520047.jpg;61;1296;1394;1301;1395;1338;61;1333;行-row@16
086520047.jpg;164;1346;174;1346;174;1362;164;1362;text@0
086520047.jpg;61;1333;189;1334;189;1371;60;1370;跨行列格-cell@16-16,12-12
086520047.jpg;313;1346;322;1346;322;1362;312;1362;text@0
086520047.jpg;189;1334;337;1334;337;1371;189;1371;跨行列格-cell@16-16,13-13
086520047.jpg;352;1346;451;1347;451;1363;352;1362;text@2021-09-28
086520047.jpg;337;1334;466;1335;466;1372;337;1371;跨行列格-cell@16-16,14-14
086520047.jpg;481;1347;579;1347;579;1363;481;1363;text@2099-12-31
086520047.jpg;466;1335;594;1335;594;1372;466;1372;跨行列格-cell@16-16,15-15
086520047.jpg;629;1347;688;1347;688;1363;629;1363;text@651784
086520047.jpg;594;1335;703;1335;703;1372;594;1372;跨行列格-cell@16-16,16-16
086520047.jpg;748;1348;787;1348;787;1364;748;1364;text@1038
086520047.jpg;703;1335;802;1336;802;1373;703;1372;跨行列格-cell@16-16,17-17
086520047.jpg;846;1348;896;1348;896;1364;846;1364;text@11490
086520047.jpg;802;1336;911;1336;911;1373;802;1373;跨行列格-cell@16-16,18-18
086520047.jpg;925;1345;1005;1345;1005;1366;926;1366;text@网上银行
086520047.jpg;911;1336;1019;1337;1020;1374;911;1373;跨行列格-cell@16-16,19-19
086520047.jpg;75;1382;174;1383;174;1399;75;1398;text@2023-01-31
086520047.jpg;203;1383;322;1383;322;1399;203;1399;text@676106766824
086520047.jpg;441;1383;451;1384;451;1399;441;1398;text@1
086520047.jpg;560;1384;579;1384;579;1400;560;1400;text@17
086520047.jpg;678;1384;688;1384;688;1399;678;1399;text@2
086520047.jpg;748;1382;787;1382;787;1403;748;1403;text@现存
086520047.jpg;876;1382;896;1382;896;1403;876;1403;text@借
086520047.jpg;946;1385;1005;1385;1005;1401;946;1401;text@943.54
086520047.jpg;1035;1386;1114;1386;1114;1402;1035;1402;text@21258.81
086520047.jpg;1173;1386;1183;1386;1183;1402;1173;1402;text@0
086520047.jpg;1213;1383;1272;1383;1272;1404;1213;1404;text@不转存
086520047.jpg;1371;1387;1381;1387;1381;1403;1371;1403;text@0
086520047.jpg;60;1370;1396;1375;1396;1412;60;1407;行-row@17
086520047.jpg;163;1420;173;1420;173;1436;163;1436;text@0
086520047.jpg;60;1407;188;1408;188;1445;59;1444;跨行列格-cell@17-17,12-12
086520047.jpg;312;1420;322;1420;322;1436;312;1436;text@0
086520047.jpg;188;1408;337;1408;337;1445;188;1445;跨行列格-cell@17-17,13-13
086520047.jpg;352;1420;451;1421;451;1437;352;1436;text@2021-09-28
086520047.jpg;337;1408;466;1409;465;1446;337;1445;跨行列格-cell@17-17,14-14
086520047.jpg;480;1421;579;1421;579;1437;480;1437;text@2099-12-31
086520047.jpg;466;1409;594;1409;594;1446;465;1446;跨行列格-cell@17-17,15-15
086520047.jpg;629;1421;688;1421;688;1437;629;1437;text@651784
086520047.jpg;594;1409;703;1409;703;1446;594;1446;跨行列格-cell@17-17,16-16
086520047.jpg;748;1422;787;1422;788;1438;748;1438;text@1028
086520047.jpg;703;1409;802;1410;802;1447;703;1446;跨行列格-cell@17-17,17-17
086520047.jpg;847;1422;896;1422;897;1438;847;1438;text@18351
086520047.jpg;802;1410;911;1410;911;1447;802;1447;跨行列格-cell@17-17,18-18
086520047.jpg;936;1419;1005;1419;1006;1440;936;1440;text@ATM交易
086520047.jpg;911;1410;1020;1411;1021;1448;911;1447;跨行列格-cell@17-17,19-19
086520047.jpg;74;1456;173;1457;173;1473;74;1472;text@2023-02-28
086520047.jpg;203;1457;322;1457;322;1473;203;1473;text@676106766824
086520047.jpg;441;1457;451;1458;451;1473;441;1472;text@1
086520047.jpg;560;1458;579;1458;579;1474;560;1474;text@18
086520047.jpg;679;1458;689;1458;689;1473;679;1473;text@2
086520047.jpg;718;1455;788;1456;788;1477;718;1476;text@ATM取款
086520047.jpg;877;1456;897;1456;897;1477;877;1477;text@贷
086520047.jpg;956;1459;1006;1459;1006;1475;956;1475;text@475.6
086520047.jpg;1036;1460;1115;1460;1115;1476;1036;1476;text@21734.41
086520047.jpg;1174;1460;1184;1460;1185;1476;1175;1476;text@0
086520047.jpg;1214;1457;1273;1457;1274;1478;1214;1478;text@不转存
086520047.jpg;1373;1461;1383;1461;1383;1477;1373;1477;text@0
086520047.jpg;59;1444;1397;1449;1397;1486;58;1481;行-row@18
086520047.jpg;162;1494;172;1494;171;1510;162;1510;text@0
086520047.jpg;58;1481;187;1482;186;1519;57;1518;跨行列格-cell@18-18,12-12
086520047.jpg;311;1494;320;1494;320;1510;310;1510;text@0
086520047.jpg;187;1482;335;1482;335;1519;186;1519;跨行列格-cell@18-18,13-13
086520047.jpg;350;1494;449;1495;449;1511;350;1510;text@2021-09-28
086520047.jpg;335;1482;464;1483;464;1520;335;1519;跨行列格-cell@18-18,14-14
086520047.jpg;479;1495;578;1495;578;1511;479;1511;text@2099-12-31
086520047.jpg;464;1483;593;1483;593;1520;464;1520;跨行列格-cell@18-18,15-15
086520047.jpg;628;1495;688;1495;688;1511;628;1511;text@651784
086520047.jpg;593;1483;702;1483;703;1520;593;1520;跨行列格-cell@18-18,16-16
086520047.jpg;747;1496;787;1496;787;1512;747;1512;text@1061
086520047.jpg;702;1483;802;1484;802;1521;703;1520;跨行列格-cell@18-18,17-17
086520047.jpg;846;1496;896;1496;896;1512;847;1512;text@17542
086520047.jpg;802;1484;911;1484;911;1521;802;1521;跨行列格-cell@18-18,18-18
086520047.jpg;926;1493;1005;1493;1005;1514;926;1514;text@批量业务
086520047.jpg;911;1484;1020;1485;1020;1522;911;1521;跨行列格-cell@18-18,19-19
086520047.jpg;72;1531;171;1532;171;1547;72;1546;text@2023-03-31
086520047.jpg;201;1532;320;1532;320;1547;201;1547;text@676106766824
086520047.jpg;439;1532;449;1533;449;1547;439;1546;text@1
086520047.jpg;559;1533;578;1533;578;1548;559;1548;text@19
086520047.jpg;678;1533;688;1533;688;1548;678;1548;text@0
086520047.jpg;718;1529;787;1531;787;1551;718;1550;text@ATM取款
086520047.jpg;876;1531;896;1531;897;1551;877;1551;text@贷
086520047.jpg;946;1534;1006;1534;1006;1549;946;1549;text@851.43
086520047.jpg;1035;1535;1115;1535;1115;1550;1036;1550;text@22585.84
086520047.jpg;1175;1535;1184;1535;1185;1550;1175;1550;text@0
086520047.jpg;1214;1532;1274;1532;1274;1552;1215;1552;text@不转存
086520047.jpg;1373;1536;1383;1536;1384;1551;1374;1551;text@0
086520047.jpg;57;1518;1398;1523;1399;1560;57;1555;行-row@19
086520047.jpg;161;1569;171;1569;171;1584;161;1584;text@0
086520047.jpg;57;1555;186;1556;185;1594;56;1593;跨行列格-cell@19-19,12-12
086520047.jpg;310;1569;320;1569;320;1584;310;1584;text@0
086520047.jpg;186;1556;335;1556;335;1594;185;1594;跨行列格-cell@19-19,13-13
086520047.jpg;350;1569;449;1570;449;1585;350;1584;text@2021-09-28
086520047.jpg;335;1556;464;1557;464;1595;335;1594;跨行列格-cell@19-19,14-14
086520047.jpg;479;1570;578;1570;578;1585;479;1585;text@2099-12-31
086520047.jpg;464;1557;593;1557;593;1595;464;1595;跨行列格-cell@19-19,15-15
086520047.jpg;628;1570;688;1570;688;1585;628;1585;text@651784
086520047.jpg;593;1557;703;1557;703;1595;593;1595;跨行列格-cell@19-19,16-16
086520047.jpg;748;1571;787;1571;787;1586;748;1586;text@1032
086520047.jpg;703;1557;802;1558;802;1596;703;1595;跨行列格-cell@19-19,17-17
086520047.jpg;847;1571;897;1571;897;1586;847;1586;text@16067
086520047.jpg;802;1558;911;1558;912;1596;802;1596;跨行列格-cell@19-19,18-18
086520047.jpg;926;1568;1006;1568;1006;1588;927;1588;text@网上银行
086520047.jpg;911;1558;1021;1559;1021;1597;912;1596;跨行列格-cell@19-19,19-19
086520047.jpg;80;156;205;156;185;1594;56;1593;列-column@0
086520047.jpg;205;156;349;156;335;1594;185;1594;列-column@1
086520047.jpg;349;156;473;157;464;1595;335;1594;列-column@2
086520047.jpg;473;157;597;157;593;1595;464;1595;列-column@3
086520047.jpg;597;157;703;157;703;1595;593;1595;列-column@4
086520047.jpg;703;157;799;158;802;1596;703;1595;列-column@5
086520047.jpg;799;158;904;158;912;1596;802;1596;列-column@6
086520047.jpg;904;158;1009;159;1021;1597;912;1596;列-column@7
086520047.jpg;1009;159;1115;159;1131;1597;1021;1597;列-column@8
086520047.jpg;1115;159;1182;159;1200;1597;1131;1597;列-column@9
086520047.jpg;1182;159;1268;159;1290;1597;1200;1597;列-column@10
086520047.jpg;1268;159;1373;160;1399;1598;1290;1597;列-column@11
086520047.jpg;80;156;1373;160;1399;1598;56;1593;表-table@1
