1638347016771.jpg;139;104;177;107;174;126;137;123;@欠付
1638347016771.jpg;214;110;269;114;267;133;211;128;@发件人
1638347016771.jpg;297;116;372;120;370;139;295;135;@收件信息
1638347016771.jpg;400;122;494;129;491;148;399;141;@提货人签字
1638347016771.jpg;522;132;597;137;595;156;520;150;@收件电话
1638347016771.jpg;624;138;718;145;717;163;623;157;@托运人签字
1638347016771.jpg;746;147;821;153;821;172;745;166;@提货方式
1638347016771.jpg;850;155;925;160;924;179;849;174;@收件信息
1638347016771.jpg;953;162;1047;169;1047;188;952;181;@提货人签字
1638347016771.jpg;1084;171;1122;174;1122;193;1085;190;@总价
1638347016771.jpg;127;125;183;129;182;143;125;139;@356.39
1638347016771.jpg;211;131;267;136;266;150;210;145;@414552
1638347016771.jpg;314;138;352;141;350;156;313;153;@83.0
1638347016771.jpg;426;147;463;149;462;163;424;160;@0.97
1638347016771.jpg;529;151;585;155;584;174;528;170;@方红梅
1638347016771.jpg;651;162;689;165;688;180;650;177;@0.81
1638347016771.jpg;755;167;811;171;810;190;753;186;@焖大鳝
1638347016771.jpg;867;175;905;178;904;197;867;194;@王勇
1638347016771.jpg;981;186;1018;188;1018;203;980;201;@8.13
1638347016771.jpg;1085;190;1122;193;1122;212;1085;209;@萧帆
1638347016771.jpg;125;144;181;148;180;162;123;158;@123.78
1638347016771.jpg;209;150;265;155;263;169;208;164;@110.43
1638347016771.jpg;313;155;349;158;348;177;310;174;@李磊
1638347016771.jpg;415;165;462;168;461;182;414;180;@30.38
1638347016771.jpg;528;170;584;174;582;193;527;189;@甘桂香
1638347016771.jpg;641;179;697;182;696;202;639;197;@张志强
1638347016771.jpg;763;190;800;192;800;207;762;205;@98.1
1638347016771.jpg;848;193;923;198;923;217;847;212;@西湖醋鱼
1638347016771.jpg;971;205;1017;208;1017;222;970;219;@36.75
1638347016771.jpg;1084;212;1122;215;1122;230;1083;227;@87.9
1638347016771.jpg;132;164;169;167;168;181;130;179;@25.3
1638347016771.jpg;207;166;263;171;262;190;205;185;@林丽丽
1638347016771.jpg;301;176;357;181;356;194;299;190;@952080
1638347016771.jpg;432;185;451;186;449;201;431;200;@58
1638347016771.jpg;535;193;573;196;572;210;534;208;@0.87
1638347016771.jpg;649;198;686;201;686;220;648;217;@李帅
1638347016771.jpg;762;207;800;208;799;227;761;224;@刘丹
1638347016771.jpg;856;215;913;220;912;235;855;230;@474413
1638347016771.jpg;960;220;1036;226;1036;245;960;240;@北京烤鸭
1638347016771.jpg;1084;232;1122;235;1122;249;1084;246;@0.96
1638347016771.jpg;130;183;167;186;166;200;128;198;@95.8
1638347016771.jpg;205;185;262;190;259;208;203;205;@李秀梅
1638347016771.jpg;299;195;345;199;344;213;297;209;@15.13
1638347016771.jpg;421;204;459;207;457;221;420;218;@31.3
1638347016771.jpg;525;211;572;215;571;229;524;226;@67.61
1638347016771.jpg;638;216;695;221;693;240;636;236;@孙凤英
1638347016771.jpg;742;224;817;230;817;249;741;243;@东安子鸡
1638347016771.jpg;855;235;912;240;912;254;855;249;@161.48
1638347016771.jpg;969;243;1027;247;1026;262;969;258;@367.86
1638347016771.jpg;1092;252;1111;253;1111;268;1092;267;@63
1638347016771.jpg;128;200;166;202;163;221;125;219;@陈波
1638347016771.jpg;202;208;259;211;257;226;201;222;@501728
1638347016771.jpg;315;216;334;217;333;232;314;231;@89
1638347016771.jpg;419;223;457;226;456;240;418;238;@7.81
1638347016771.jpg;524;228;580;232;578;251;521;247;@王建平
1638347016771.jpg;646;237;684;240;683;258;645;255;@孙建
1638347016771.jpg;750;247;807;251;807;266;750;262;@780.87
1638347016771.jpg;855;254;903;258;902;273;854;269;@628.4
1638347016771.jpg;969;260;1025;264;1025;284;968;280;@辛桂英
1638347016771.jpg;1073;267;1130;272;1131;291;1073;286;@陈桂花
1638347016771.jpg;116;218;172;222;170;241;114;238;@陈桂珍
1638347016771.jpg;210;225;248;228;246;247;208;244;@张彬
1638347016771.jpg;295;231;352;235;349;254;293;250;@张桂芝
1638347016771.jpg;409;240;465;243;463;263;406;259;@吴玉梅
1638347016771.jpg;521;247;578;251;577;271;520;267;@徐玉珍
1638347016771.jpg;635;258;683;262;682;277;634;273;@62.62
1638347016771.jpg;759;264;797;267;796;286;757;284;@李静
1638347016771.jpg;873;276;892;277;891;291;872;290;@57
1638347016771.jpg;968;283;1016;285;1016;300;968;297;@27.14
1638347016771.jpg;1073;286;1131;291;1130;311;1073;306;@烤乳猪
1638347016771.jpg;114;238;170;241;168;261;112;257;@段秀芳
1638347016771.jpg;199;246;245;250;244;265;197;261;@71.38
1638347016771.jpg;293;250;349;254;348;274;291;270;@王婷婷
1638347016771.jpg;406;262;454;265;453;280;405;276;@142.3
1638347016771.jpg;520;267;577;271;575;290;519;286;@辛桂英
1638347016771.jpg;634;278;681;282;680;296;633;292;@20.43
1638347016771.jpg;748;286;805;290;805;305;747;301;@506.19
1638347016771.jpg;853;290;910;294;910;314;852;310;@马凤英
1638347016771.jpg;977;302;1006;304;1005;319;977;317;@0.8
1638347016771.jpg;1072;309;1130;314;1130;328;1072;324;@974115
1638347016771.jpg;111;260;167;264;166;279;109;275;@114.88
1638347016771.jpg;205;267;243;270;242;285;204;282;@9.13
1638347016771.jpg;310;274;329;276;327;290;308;288;@61
1638347016771.jpg;405;278;462;283;460;302;403;297;@裴春梅
1638347016771.jpg;528;290;566;292;565;307;527;304;@25.3
1638347016771.jpg;633;297;680;301;680;316;632;312;@74.33
1638347016771.jpg;747;306;795;309;794;324;747;321;@66.93
1638347016771.jpg;852;310;910;314;909;334;851;330;@祝桂珍
1638347016771.jpg;976;319;1014;322;1014;342;976;339;@赵博
1638347016771.jpg;1072;326;1130;330;1130;350;1072;346;@李淑英
1638347016771.jpg;118;277;156;280;154;299;116;296;@蒋建
1638347016771.jpg;204;284;242;286;239;306;202;303;@王伟
1638347016771.jpg;299;290;337;293;334;312;296;310;@尹阳
1638347016771.jpg;422;302;441;303;439;318;420;317;@38
1638347016771.jpg;517;309;565;312;564;327;516;324;@50.79
1638347016771.jpg;641;318;680;321;679;336;640;333;@4.58
1638347016771.jpg;746;326;794;329;793;344;745;340;@66.93
1638347016771.jpg;851;333;899;337;899;352;851;348;@42.83
1638347016771.jpg;966;342;1014;345;1014;360;966;357;@26.02
1638347016771.jpg;1072;349;1129;353;1129;368;1072;364;@405367
1638347016771.jpg;107;296;164;300;161;320;104;316;@李建军
1638347016771.jpg;191;305;239;309;237;323;190;320;@86.84
1638347016771.jpg;296;313;334;315;333;330;295;328;@6.47
1638347016771.jpg;411;321;449;324;448;339;409;336;@31.8
1638347016771.jpg;525;329;563;332;562;347;523;344;@0.85
1638347016771.jpg;630;337;687;341;687;356;629;352;@114.75
1638347016771.jpg;745;345;793;349;792;364;744;360;@65.58
1638347016771.jpg;860;351;899;354;897;374;860;371;@白军
1638347016771.jpg;984;363;1004;364;1003;379;984;378;@46
1638347016771.jpg;1071;369;1129;373;1129;388;1071;384;@401.59
1638347016771.jpg;113;319;151;322;150;337;111;334;@47.0
1638347016771.jpg;199;326;237;328;236;343;197;341;@2.24
1638347016771.jpg;295;333;333;335;331;350;293;348;@7.81
1638347016771.jpg;400;337;457;342;455;361;397;357;@李小红
1638347016771.jpg;523;346;562;349;561;369;522;366;@杭超
1638347016771.jpg;639;358;677;361;676;376;638;373;@0.98
1638347016771.jpg;744;365;801;370;800;385;743;380;@154844
1638347016771.jpg;860;371;897;374;897;394;858;391;@黎杨
1638347016771.jpg;965;381;1023;386;1023;401;965;396;@388183
1638347016771.jpg;1071;389;1120;393;1119;408;1071;404;@13.68
1638347016771.jpg;102;339;159;343;157;358;100;354;@121694
1638347016771.jpg;188;345;235;348;233;363;186;360;@63.84
1638347016771.jpg;282;352;330;355;329;370;281;367;@202.8
1638347016771.jpg;397;360;455;364;454;379;396;375;@488.24
1638347016771.jpg;513;366;570;370;568;390;511;386;@谢玉英
1638347016771.jpg;628;374;686;378;684;398;626;394;@林秀梅
1638347016771.jpg;743;385;800;390;800;405;742;400;@152.99
1638347016771.jpg;849;390;907;394;906;414;848;410;@黄丽娟
1638347016771.jpg;965;401;1022;406;1022;421;964;416;@613373
1638347016771.jpg;1071;406;1128;410;1128;430;1070;426;@张丽丽
1638347016771.jpg;108;359;147;362;145;377;107;374;@0.96
1638347016771.jpg;185;362;242;366;241;386;183;382;@陈桂花
1638347016771.jpg;281;372;338;376;337;391;279;387;@608.76
1638347016771.jpg;396;377;454;381;451;401;394;397;@廖婷婷
1638347016771.jpg;521;386;559;389;558;409;519;406;@方林
1638347016771.jpg;626;397;674;400;673;415;625;412;@60.58
1638347016771.jpg;742;402;800;407;798;426;741;422;@刘桂花
1638347016771.jpg;858;411;897;414;895;433;856;431;@祁艳
1638347016771.jpg;973;422;1012;425;1012;440;973;437;@47.0
1638347016771.jpg;1070;429;1129;433;1128;448;1070;444;@175.07
1638347016771.jpg;97;379;145;382;143;397;95;394;@93.78
1638347016771.jpg;193;383;231;385;229;404;191;401;@向东
1638347016771.jpg;289;393;326;395;325;410;287;407;@0.94
1638347016771.jpg;413;402;432;403;431;418;412;417;@77
1638347016771.jpg;509;409;567;413;566;428;508;424;@903381
1638347016771.jpg;625;414;683;418;681;438;624;434;@次日达
1638347016771.jpg;741;422;798;426;798;446;739;442;@裴春梅
1638347016771.jpg;847;430;905;434;905;454;846;450;@万秀珍
1638347016771.jpg;953;438;1031;443;1030;464;953;459;@均安蒸猪
1638347016771.jpg;1070;449;1118;452;1118;468;1070;465;@68.48
1638347016771.jpg;95;399;151;403;150;418;93;413;@126.74
1638347016771.jpg;191;402;229;405;227;425;188;422;@杨欣
1638347016771.jpg;276;412;325;415;323;430;275;427;@95.66
1638347016771.jpg;392;420;450;424;449;439;391;435;@661438
1638347016771.jpg;508;428;555;432;554;447;507;443;@42.91
1638347016771.jpg;615;433;691;439;690;460;613;453;@北京烤鸭
1638347016771.jpg;740;445;798;449;797;465;739;461;@649900
1638347016771.jpg;846;453;905;458;904;473;846;469;@112.03
1638347016771.jpg;973;460;1012;463;1010;483;971;480;@林丹
1638347016771.jpg;1069;470;1128;474;1128;489;1069;485;@780.87
1638347016771.jpg;92;418;149;423;148;438;90;433;@144.98
1638347016771.jpg;188;422;227;425;225;445;186;442;@杨云
1638347016771.jpg;284;432;323;435;322;450;283;447;@0.89
1638347016771.jpg;409;441;428;443;427;459;408;457;@46
1638347016771.jpg;506;448;564;453;563;469;505;464;@616.05
1638347016771.jpg;613;453;690;460;689;480;612;474;@炒水蛇片
1638347016771.jpg;739;466;796;470;796;485;738;481;@246.32
1638347016771.jpg;864;475;884;477;883;492;864;490;@84
1638347016771.jpg;962;479;1020;483;1020;504;961;499;@辣子鸡
1638347016771.jpg;1079;491;1118;493;1118;509;1079;507;@5.45
1638347016771.jpg;90;438;138;442;136;458;88;453;@49.81
1638347016771.jpg;176;445;233;449;232;465;175;461;@130.75
1638347016771.jpg;273;449;330;453;329;474;271;470;@朱秀华
1638347016771.jpg;388;461;446;465;445;480;387;476;@317.06
1638347016771.jpg;505;466;563;471;561;491;504;486;@谢玉英
1638347016771.jpg;621;478;669;481;668;496;619;493;@21.59
1638347016771.jpg;737;486;796;490;795;506;736;502;@464.63
1638347016771.jpg;844;494;903;498;902;514;844;510;@176.17
1638347016771.jpg;961;499;1020;504;1019;524;960;520;@白灼虾
1638347016771.jpg;1069;508;1127;512;1127;532;1068;528;@石兰英
1638347016771.jpg;87;459;135;463;133;478;85;474;@171.2
1638347016771.jpg;174;466;222;469;220;484;172;481;@95.29
1638347016771.jpg;280;473;319;476;317;491;279;488;@83.0
1638347016771.jpg;406;482;426;484;424;499;405;497;@53
1638347016771.jpg;504;486;561;491;560;511;501;507;@张丽丽
1638347016771.jpg;619;498;678;503;677;518;618;514;@985386
1638347016771.jpg;736;504;795;508;793;528;736;524;@王建军
1638347016771.jpg;854;512;893;515;891;536;852;532;@朱娜
1638347016771.jpg;970;521;1009;524;1009;545;970;542;@李荣
1638347016771.jpg;1078;529;1117;531;1117;552;1078;549;@翟成
1638347016771.jpg;94;477;133;480;131;500;92;497;@徐勇
1638347016771.jpg;172;483;230;487;228;508;170;504;@程凤兰
1638347016771.jpg;278;493;316;496;315;512;277;509;@67.3
1638347016771.jpg;384;502;443;506;442;521;383;517;@482.23
1638347016771.jpg;501;510;560;514;559;529;500;525;@148106
1638347016771.jpg;628;519;667;522;666;538;627;535;@38.2
1638347016771.jpg;735;527;784;531;783;546;734;543;@74.09
1638347016771.jpg;852;532;891;536;891;556;852;553;@单磊
1638347016771.jpg;960;544;1019;548;1019;564;960;559;@396346
1638347016771.jpg;1068;552;1126;556;1126;572;1068;568;@115.98
1638347016771.jpg;102;502;121;503;119;518;100;517;@78
1638347016771.jpg;169;507;227;511;226;526;167;521;@613373
1638347016771.jpg;266;514;315;517;313;532;265;528;@68.58
1638347016771.jpg;383;519;442;523;440;544;382;540;@王秀兰
1638347016771.jpg;510;531;548;535;547;550;509;547;@9.03
1638347016771.jpg;617;537;675;541;674;561;615;557;@方建军
1638347016771.jpg;734;548;783;551;782;567;733;564;@59.13
1638347016771.jpg;842;556;901;560;900;576;841;572;@132.14
1638347016771.jpg;959;565;1018;569;1018;584;958;580;@389674
1638347016771.jpg;1067;573;1126;577;1126;593;1067;589;@892.56
1638347016771.jpg;79;520;138;524;136;540;77;536;@287.85
1638347016771.jpg;177;524;216;527;214;548;175;545;@萧帆
1638347016771.jpg;264;530;323;536;320;556;263;551;@赵玉英
1638347016771.jpg;382;543;429;546;428;561;379;558;@75.18
1638347016771.jpg;498;548;557;552;556;573;497;569;@祝桂珍
1638347016771.jpg;615;557;674;561;673;582;615;578;@施桂花
1638347016771.jpg;733;569;791;573;791;589;732;584;@264715
1638347016771.jpg;832;573;909;579;909;599;830;594;@炒水蛇片
1638347016771.jpg;959;585;1008;589;1008;604;958;601;@98.77
1638347016771.jpg;1077;594;1116;597;1116;613;1077;610;@11.3
1638347016771.jpg;939;151;1062;159;1053;621;923;611;cell@
1638347016771.jpg;836;143;940;151;924;612;815;603;cell@
1638347016771.jpg;387;111;510;120;472;577;345;568;cell@
1638347016771.jpg;509;120;612;127;580;585;471;577;cell@
1638347016771.jpg;611;127;734;136;708;595;579;585;cell@
1638347016771.jpg;733;136;837;143;816;603;707;595;cell@
1638347016771.jpg;284;104;388;112;346;568;237;560;cell@
1638347016771.jpg;200;98;285;104;238;560;149;553;cell@
1638347016771.jpg;1061;159;1147;165;1142;627;1052;621;cell@
1638347016771.jpg;118;92;201;99;150;553;61;547;cell@
1638347016771.jpg;118;92;1147;165;1142;627;61;547;table@1
