1638347001958.jpg;102;265;178;255;180;273;104;285;@提货方式
1638347001958.jpg;216;249;292;238;294;258;217;268;@收件电话
1638347001958.jpg;349;230;387;224;389;244;351;249;@总价
1638347001958.jpg;444;217;501;208;502;227;446;235;@发件人
1638347001958.jpg;528;204;623;190;625;209;531;222;@托运人签字
1638347001958.jpg;661;186;699;180;701;199;664;204;@单价
1638347001958.jpg;745;173;820;162;823;182;748;192;@收件信息
1638347001958.jpg;877;155;913;149;917;168;880;173;@货物
1638347001958.jpg;960;142;1035;132;1038;151;964;161;@大写金额
1638347001958.jpg;1063;128;1137;117;1141;136;1067;147;@支付方式
1638347001958.jpg;1165;113;1220;105;1224;124;1169;132;@发件人
1638347001958.jpg;112;283;170;275;172;295;114;303;@收件人
1638347001958.jpg;237;265;275;261;277;279;239;285;@胡雷
1638347001958.jpg;341;254;389;247;391;262;344;268;@17.17
1638347001958.jpg;455;237;494;231;495;246;457;252;@3.23
1638347001958.jpg;550;223;598;217;600;231;552;238;@52.26
1638347001958.jpg;654;206;710;197;713;217;657;225;@吕春梅
1638347001958.jpg;767;192;805;188;807;201;769;207;@1.36
1638347001958.jpg;880;173;917;168;920;188;882;192;@冯宁
1638347001958.jpg;973;162;1020;157;1023;170;976;177;@87.11
1638347001958.jpg;1076;148;1122;141;1125;156;1078;162;@101.4
1638347001958.jpg;1178;134;1215;128;1219;142;1181;148;@67.3
1638347001958.jpg;114;303;172;295;173;314;116;323;@发件人
1638347001958.jpg;239;288;277;282;278;297;240;303;@25.3
1638347001958.jpg;353;271;392;266;393;280;355;286;@6.25
1638347001958.jpg;448;258;496;251;498;265;450;272;@16.87
1638347001958.jpg;553;243;610;235;612;249;554;258;@572427
1638347001958.jpg;657;225;713;217;716;236;659;244;@白灼虾
1638347001958.jpg;742;213;836;199;839;219;745;232;@清蒸武昌鱼
1638347001958.jpg;873;194;929;186;933;205;876;213;@陈桂花
1638347001958.jpg;976;179;1032;171;1036;190;979;198;@许桂珍
1638347001958.jpg;1079;164;1135;157;1138;175;1082;184;@次日达
1638347001958.jpg;1173;154;1228;146;1231;160;1175;168;@144.65
1638347001958.jpg;116;323;173;314;175;334;118;343;@收件人
1638347001958.jpg;231;309;289;301;290;316;232;324;@144.41
1638347001958.jpg;346;292;403;284;405;299;347;307;@128.17
1638347001958.jpg;451;277;498;270;500;285;452;292;@109.8
1638347001958.jpg;555;263;612;254;614;268;557;277;@857836
1638347001958.jpg;660;247;716;239;718;254;662;262;@112.34
1638347001958.jpg;764;232;820;224;822;239;766;247;@851.61
1638347001958.jpg;885;212;923;206;926;225;889;231;@潘丽
1638347001958.jpg;980;201;1036;193;1038;208;982;216;@855.73
1638347001958.jpg;1082;187;1139;178;1141;192;1086;201;@431.31
1638347001958.jpg;1185;171;1223;166;1225;181;1188;186;@90.6
1638347001958.jpg;98;345;194;331;196;350;100;364;@托运人签字
1638347001958.jpg;242;324;281;319;283;338;244;343;@赵想
1638347001958.jpg;348;312;405;304;407;319;349;327;@794.25
1638347001958.jpg;453;297;500;290;502;305;455;312;@90.38
1638347001958.jpg;558;282;605;275;607;289;560;296;@137.6
1638347001958.jpg;671;263;709;257;712;276;674;282;@蒋建
1638347001958.jpg;767;252;813;245;815;260;769;266;@81.54
1638347001958.jpg;879;235;936;227;938;242;881;250;@902.06
1638347001958.jpg;992;217;1029;211;1032;230;995;235;@金畅
1638347001958.jpg;1086;206;1133;199;1136;213;1088;220;@38.27
1638347001958.jpg;1179;189;1235;181;1239;200;1183;209;@炒水蛇
1638347001958.jpg;100;365;196;351;198;371;102;385;@提货人签字
1638347001958.jpg;235;349;282;342;284;357;236;364;@44.35
1638347001958.jpg;359;328;398;322;400;342;361;347;@黄明
1638347001958.jpg;464;315;503;310;505;325;467;330;@11.3
1638347001958.jpg;579;299;598;296;600;311;581;313;@72
1638347001958.jpg;664;286;722;278;724;293;666;301;@326.52
1638347001958.jpg;778;269;816;265;819;279;780;284;@39.8
1638347001958.jpg;892;251;929;245;932;265;894;269;@牛伟
1638347001958.jpg;986;237;1042;228;1046;248;988;257;@王玉华
1638347001958.jpg;1089;221;1145;214;1149;233;1092;241;@游建国
1638347001958.jpg;1192;207;1229;202;1233;221;1195;226;@赖鑫
1638347001958.jpg;111;384;189;372;189;392;112;403;@发件地址
1638347001958.jpg;246;367;285;362;286;376;248;382;@31.3
1638347001958.jpg;361;347;400;342;401;362;364;367;@谭刚
1638347001958.jpg;467;335;505;329;507;344;468;350;@40.5
1638347001958.jpg;572;317;609;311;612;331;575;337;@王彬
1638347001958.jpg;667;306;725;297;727;312;669;321;@390416
1638347001958.jpg;772;291;829;282;831;297;774;305;@119.41
1638347001958.jpg;876;272;951;262;955;281;878;292;@炒水蛇片
1638347001958.jpg;990;260;1046;251;1048;265;992;273;@661438
1638347001958.jpg;1103;243;1140;237;1142;252;1105;258;@0.93
1638347001958.jpg;1195;226;1233;221;1237;240;1199;246;@刘萍
1638347001958.jpg;103;405;199;391;201;410;104;424;@托运人签字
1638347001958.jpg;248;384;286;378;288;398;250;404;@张玲
1638347001958.jpg;354;369;411;360;414;380;356;388;@祝桂珍
1638347001958.jpg;460;356;518;348;519;363;461;371;@900500
1638347001958.jpg;565;338;622;330;625;349;567;358;@张志强
1638347001958.jpg;670;326;717;319;720;334;672;340;@44.65
1638347001958.jpg;774;307;831;299;835;319;777;327;@辛桂英
1638347001958.jpg;889;294;945;285;948;300;891;308;@168.52
1638347001958.jpg;993;278;1049;270;1052;285;995;293;@325969
1638347001958.jpg;1096;261;1153;253;1156;272;1099;280;@张丽丽
1638347001958.jpg;1191;250;1237;243;1240;258;1193;265;@15.97
1638347001958.jpg;134;420;172;415;174;434;135;439;@重量
1638347001958.jpg;240;405;298;397;300;417;242;425;@吴淑珍
1638347001958.jpg;356;391;413;383;415;398;358;406;@522.88
1638347001958.jpg;461;373;519;365;522;385;464;393;@王建军
1638347001958.jpg;576;356;615;351;618;371;579;376;@贾梅
1638347001958.jpg;682;341;720;336;723;355;684;361;@朱娜
1638347001958.jpg;778;330;835;322;837;337;780;345;@124.85
1638347001958.jpg;901;312;939;306;941;321;904;327;@0.98
1638347001958.jpg;995;298;1053;290;1055;305;999;313;@515.81
1638347001958.jpg;1109;278;1146;273;1150;293;1113;298;@常涛
1638347001958.jpg;1203;268;1241;263;1244;277;1206;282;@0.91
1638347001958.jpg;126;442;184;433;186;454;127;462;@发件人
1638347001958.jpg;242;428;290;421;292;436;243;443;@41.54
1638347001958.jpg;358;408;416;400;418;420;360;428;@王秀兰
1638347001958.jpg;474;394;512;389;514;404;476;409;@0.96
1638347001958.jpg;570;381;627;372;629;387;572;395;@216.23
1638347001958.jpg;676;365;723;358;725;373;678;380;@95.93
1638347001958.jpg;780;350;838;342;840;356;783;365;@338.78
1638347001958.jpg;894;333;942;326;945;341;897;348;@30.38
1638347001958.jpg;999;318;1047;311;1049;326;1001;333;@55.51
1638347001958.jpg;1113;301;1151;296;1153;311;1115;316;@2.24
1638347001958.jpg;1207;287;1245;282;1248;297;1210;302;@85.5
1638347001958.jpg;118;464;195;453;197;472;119;484;@货运协议
1638347001958.jpg;264;445;282;442;284;458;265;461;@80
1638347001958.jpg;360;428;418;420;420;439;362;448;@程凤兰
1638347001958.jpg;476;414;515;409;516;424;477;429;@9.27
1638347001958.jpg;572;400;630;392;632;407;574;415;@838.97
1638347001958.jpg;678;385;736;377;738;392;680;400;@332986
1638347001958.jpg;783;370;841;361;843;376;785;385;@514725
1638347001958.jpg;898;353;946;346;948;361;900;368;@70.43
1638347001958.jpg;1002;335;1059;326;1062;346;1005;355;@刘秀荣
1638347001958.jpg;1107;319;1163;311;1167;331;1109;339;@甄桂珍
1638347001958.jpg;1201;306;1257;297;1261;317;1204;325;@张志强
1638347001958.jpg;129;482;188;474;188;495;130;503;@收件人
1638347001958.jpg;245;468;304;460;306;475;248;483;@822395
1638347001958.jpg;372;446;410;441;412;462;374;467;@叶鑫
1638347001958.jpg;469;433;526;424;529;444;471;453;@龙虎斗
1638347001958.jpg;575;420;633;412;635;427;577;435;@115.49
1638347001958.jpg;681;405;729;398;731;413;683;420;@56.79
1638347001958.jpg;796;385;833;380;837;399;798;405;@谷丹
1638347001958.jpg;911;371;948;366;951;381;913;386;@3.23
1638347001958.jpg;1005;355;1062;346;1066;366;1008;374;@王建平
1638347001958.jpg;1111;342;1157;335;1160;350;1113;357;@60.58
1638347001958.jpg;1205;328;1262;320;1264;335;1208;343;@542288
1638347001958.jpg;121;504;198;492;200;513;122;524;@货运协议
1638347001958.jpg;247;488;306;480;308;496;249;504;@441568
1638347001958.jpg;364;469;422;460;425;480;366;488;@黄丽娟
1638347001958.jpg;481;452;519;445;522;466;482;472;@任荣
1638347001958.jpg;587;439;625;433;628;448;589;454;@35.7
1638347001958.jpg;683;422;741;413;744;433;685;442;@欧建华
1638347001958.jpg;789;409;837;402;839;417;791;424;@57.91
1638347001958.jpg;923;390;942;387;944;402;926;405;@64
1638347001958.jpg;1018;373;1056;367;1059;387;1022;393;@罗亮
1638347001958.jpg;1114;362;1161;355;1164;370;1117;377;@53.71
1638347001958.jpg;1209;348;1256;341;1259;356;1212;363;@354.5
1638347001958.jpg;112;526;210;512;212;533;114;546;@提货人签字
1638347001958.jpg;250;509;299;502;300;517;251;524;@23.49
1638347001958.jpg;376;490;415;484;416;500;378;506;@0.97
1638347001958.jpg;474;476;522;469;523;484;475;491;@16.87
1638347001958.jpg;579;458;638;448;641;469;582;478;@向凤英
1638347001958.jpg;696;443;734;438;736;453;698;459;@3.23
1638347001958.jpg;802;428;840;422;842;437;804;443;@9.32
1638347001958.jpg;907;409;964;401;967;421;910;429;@何淑华
1638347001958.jpg;1012;397;1070;389;1072;404;1014;412;@246.42
1638347001958.jpg;1126;377;1164;372;1168;392;1130;397;@潘丽
1638347001958.jpg;1222;367;1260;361;1263;376;1224;381;@67.3
1638347001958.jpg;134;544;192;535;194;555;135;564;@发件人
1638347001958.jpg;261;525;300;519;302;539;263;544;@王东
1638347001958.jpg;348;512;446;498;448;518;351;533;@大良炒牛奶
1638347001958.jpg;476;497;524;489;526;505;478;512;@628.4
1638347001958.jpg;583;481;631;474;633;488;585;496;@86.69
1638347001958.jpg;698;461;737;455;739;475;701;481;@罗勇
1638347001958.jpg;795;450;843;442;845;458;797;465;@71.98
1638347001958.jpg;910;432;959;425;961;440;912;447;@17.45
1638347001958.jpg;1025;413;1063;407;1066;427;1028;432;@陶飞
1638347001958.jpg;1121;399;1177;390;1181;409;1123;417;@包凤兰
1638347001958.jpg;1226;386;1264;381;1267;396;1228;401;@7.42
1638347001958.jpg;135;564;194;555;196;576;137;585;@收件人
1638347001958.jpg;264;548;302;543;304;559;265;564;@1.36
1638347001958.jpg;380;529;420;522;421;542;383;547;@孙建
1638347001958.jpg;478;517;537;508;538;523;479;533;@679.27
1638347001958.jpg;585;498;642;489;645;510;587;518;@王建平
1638347001958.jpg;691;485;740;478;742;493;693;501;@20.43
1638347001958.jpg;807;468;846;463;849;478;810;483;@13.4
1638347001958.jpg;922;448;961;442;964;463;926;469;@林丹
1638347001958.jpg;1019;437;1067;430;1070;445;1022;453;@190.0
1638347001958.jpg;1134;420;1172;415;1174;429;1137;435;@9.13
1638347001958.jpg;1220;408;1267;401;1270;415;1223;422;@65.75
1638347001958.jpg;305;225;429;208;467;546;340;566;cell@
1638347001958.jpg;720;166;843;148;895;483;768;502;cell@
1638347001958.jpg;1047;119;1150;105;1212;436;1105;453;cell@
1638347001958.jpg;201;240;306;225;341;565;232;581;cell@
1638347001958.jpg;636;178;721;166;769;502;681;515;cell@
1638347001958.jpg;842;149;945;134;1001;468;894;483;cell@
1638347001958.jpg;513;195;637;178;682;515;554;534;cell@
1638347001958.jpg;944;134;1048;119;1106;453;1000;468;cell@
1638347001958.jpg;1149;105;1233;93;1298;424;1211;436;cell@
1638347001958.jpg;429;208;514;195;555;534;466;547;cell@
1638347001958.jpg;76;258;202;240;233;581;103;600;cell@
1638347001958.jpg;76;258;1233;93;1298;424;103;600;table@1
