1638347076363.jpg;102;259;141;254;143;272;104;277;@数量
1638347076363.jpg;189;247;245;238;247;257;190;266;@收件人
1638347076363.jpg;293;232;330;227;333;245;294;250;@审核
1638347076363.jpg;368;221;444;210;446;229;370;239;@支付方式
1638347076363.jpg;482;205;557;195;558;212;483;224;@收件信息
1638347076363.jpg;594;189;687;175;690;194;596;207;@托运人签字
1638347076363.jpg;725;171;781;162;784;180;728;188;@发件人
1638347076363.jpg;819;157;893;146;896;164;822;174;@收件地址
1638347076363.jpg;921;142;995;131;999;150;924;160;@收件信息
1638347076363.jpg;1033;127;1069;121;1073;139;1035;144;@数量
1638347076363.jpg;1107;115;1181;105;1184;123;1110;133;@收件信息
1638347076363.jpg;104;278;133;274;135;293;106;297;@1.0
1638347076363.jpg;190;267;247;258;249;276;192;284;@385.88
1638347076363.jpg;285;253;342;244;343;263;287;271;@920358
1638347076363.jpg;379;239;427;232;429;251;382;258;@95.29
1638347076363.jpg;493;223;550;215;552;233;495;241;@刘淑英
1638347076363.jpg;625;204;663;199;665;217;628;222;@张畅
1638347076363.jpg;728;189;784;181;787;199;730;207;@140.69
1638347076363.jpg;831;174;887;167;890;184;833;193;@164.88
1638347076363.jpg;934;160;989;151;993;170;936;178;@赵玉英
1638347076363.jpg;1036;145;1073;140;1076;158;1039;163;@王晶
1638347076363.jpg;1129;131;1166;127;1169;145;1132;150;@吕梅
1638347076363.jpg;97;299;154;291;155;310;98;318;@857.52
1638347076363.jpg;192;285;240;278;241;297;194;304;@25.01
1638347076363.jpg;287;272;344;264;346;282;289;290;@王红霞
1638347076363.jpg;382;259;439;250;441;268;384;276;@681.19
1638347076363.jpg;505;241;543;235;545;254;507;259;@31.8
1638347076363.jpg;618;225;665;218;668;236;620;243;@11.29
1638347076363.jpg;731;208;787;200;790;219;733;227;@142.16
1638347076363.jpg;834;194;890;185;893;203;836;212;@李淑兰
1638347076363.jpg;936;179;993;171;996;189;940;197;@109.74
1638347076363.jpg;1039;164;1076;159;1080;176;1042;182;@0.88
1638347076363.jpg;1123;152;1179;144;1182;162;1126;170;@328.56
1638347076363.jpg;108;318;146;312;148;330;109;336;@9.32
1638347076363.jpg;203;304;241;298;243;317;205;323;@95.8
1638347076363.jpg;308;289;327;286;329;305;310;307;@60
1638347076363.jpg;384;277;441;269;443;288;386;296;@王玉兰
1638347076363.jpg;507;260;545;255;547;273;509;278;@李磊
1638347076363.jpg;630;242;668;237;670;255;632;261;@57.5
1638347076363.jpg;733;228;781;221;784;239;736;246;@70.78
1638347076363.jpg;827;214;903;203;905;222;830;232;@黄埔炒蛋
1638347076363.jpg;949;197;987;191;989;209;952;215;@牛伟
1638347076363.jpg;1042;183;1080;177;1083;196;1046;201;@陈瑜
1638347076363.jpg;1145;169;1164;166;1167;184;1149;187;@70
1638347076363.jpg;100;338;148;331;150;350;101;357;@98.77
1638347076363.jpg;206;324;243;318;245;336;207;341;@王晶
1638347076363.jpg;291;311;348;303;350;322;293;329;@邵桂芳
1638347076363.jpg;396;296;433;290;436;309;397;315;@0.96
1638347076363.jpg;500;281;547;274;550;292;502;299;@52.26
1638347076363.jpg;642;261;661;258;664;276;645;278;@40
1638347076363.jpg;746;245;784;240;786;259;749;264;@李荣
1638347076363.jpg;840;231;897;224;899;242;843;250;@142.16
1638347076363.jpg;952;216;990;210;993;229;956;234;@马军
1638347076363.jpg;1036;203;1092;196;1096;214;1040;222;@393.48
1638347076363.jpg;1139;189;1177;183;1180;201;1143;207;@王宇
1638347076363.jpg;101;358;159;349;161;368;103;377;@685794
1638347076363.jpg;198;344;255;336;257;354;199;363;@676638
1638347076363.jpg;293;330;350;323;353;340;295;349;@东坡肉
1638347076363.jpg;389;317;436;310;438;328;390;335;@16.77
1638347076363.jpg;512;299;550;293;553;312;514;318;@6.28
1638347076363.jpg;626;282;683;274;685;293;628;301;@625689
1638347076363.jpg;749;265;786;260;789;277;752;283;@2.14
1638347076363.jpg;852;250;889;244;893;263;855;268;@9.03
1638347076363.jpg;956;235;993;230;996;248;958;253;@杨明
1638347076363.jpg;1040;223;1086;216;1090;234;1042;241;@42.83
1638347076363.jpg;1143;208;1180;202;1183;221;1146;227;@单磊
1638347076363.jpg;103;378;161;369;162;388;105;396;@144.98
1638347076363.jpg;209;362;247;357;249;376;211;381;@57.5
1638347076363.jpg;295;350;353;341;354;360;297;369;@125.28
1638347076363.jpg;400;334;438;329;440;348;402;353;@李丽
1638347076363.jpg;514;319;553;313;554;331;517;337;@0.88
1638347076363.jpg;628;302;675;295;678;314;631;321;@93.35
1638347076363.jpg;752;284;789;278;792;297;754;303;@91.9
1638347076363.jpg;846;270;902;263;905;280;848;289;@谢玉英
1638347076363.jpg;950;256;1006;247;1009;266;952;274;@刘淑英
1638347076363.jpg;1043;242;1099;233;1103;252;1046;261;@欧建华
1638347076363.jpg;1146;227;1183;222;1187;240;1149;245;@98.1
1638347076363.jpg;105;397;162;389;164;408;107;416;@230.09
1638347076363.jpg;201;383;258;375;260;394;203;402;@323139
1638347076363.jpg;297;370;355;361;356;380;299;388;@285.47
1638347076363.jpg;393;356;450;347;452;366;395;374;@825.97
1638347076363.jpg;507;339;564;331;567;349;510;358;@777.42
1638347076363.jpg;631;322;678;315;681;333;633;340;@11.29
1638347076363.jpg;745;305;801;297;805;316;747;324;@101778
1638347076363.jpg;858;288;896;283;899;302;861;307;@2.14
1638347076363.jpg;942;276;1018;266;1021;284;946;295;@东安子鸡
1638347076363.jpg;1055;260;1093;255;1097;272;1059;278;@白军
1638347076363.jpg;1149;246;1187;241;1191;260;1153;265;@张明
1638347076363.jpg;107;417;164;409;166;428;108;436;@张冬梅
1638347076363.jpg;213;402;251;396;253;415;214;421;@郑莉
1638347076363.jpg;299;389;347;382;349;401;301;408;@65.24
1638347076363.jpg;405;374;442;368;445;387;406;393;@81.9
1638347076363.jpg;519;357;557;352;560;371;521;376;@张欣
1638347076363.jpg;633;341;681;334;684;353;636;359;@95.66
1638347076363.jpg;757;324;795;318;797;336;760;341;@卞瑞
1638347076363.jpg;861;308;899;303;901;321;864;326;@桑旭
1638347076363.jpg;955;294;1003;287;1005;306;959;313;@35.59
1638347076363.jpg;1059;279;1097;273;1100;292;1063;298;@耿梅
1638347076363.jpg;1143;267;1191;261;1194;278;1147;285;@52.26
1638347076363.jpg;118;436;157;430;159;449;120;454;@王晶
1638347076363.jpg;205;423;253;416;255;435;206;442;@17.17
1638347076363.jpg;301;409;359;401;361;420;303;428;@吴玉梅
1638347076363.jpg;397;395;454;387;457;406;399;414;@125.28
1638347076363.jpg;512;379;569;370;572;389;514;397;@飞龙汤
1638347076363.jpg;645;359;684;353;686;372;648;378;@林丹
1638347076363.jpg;760;342;798;337;800;356;763;361;@79.7
1638347076363.jpg;855;328;911;321;914;339;858;347;@351239
1638347076363.jpg;968;313;1005;307;1009;325;971;331;@9.13
1638347076363.jpg;1053;300;1109;292;1113;311;1057;319;@杨桂花
1638347076363.jpg;1157;285;1195;279;1197;298;1160;304;@25.3
1638347076363.jpg;119;455;158;450;161;470;121;475;@97.5
1638347076363.jpg;216;441;255;436;257;455;218;460;@81.9
1638347076363.jpg;312;428;351;422;354;441;315;446;@潘丽
1638347076363.jpg;399;415;457;407;460;426;401;434;@175.33
1638347076363.jpg;514;398;572;390;574;409;517;417;@方桂芝
1638347076363.jpg;639;380;695;372;698;391;641;399;@154844
1638347076363.jpg;753;364;810;355;813;374;756;382;@645964
1638347076363.jpg;867;347;905;341;908;360;870;366;@40.5
1638347076363.jpg;972;332;1009;326;1012;345;974;350;@张成
1638347076363.jpg;1057;320;1113;312;1116;329;1059;338;@王玉华
1638347076363.jpg;1160;305;1197;299;1201;318;1163;324;@杨静
1638347076363.jpg;121;476;160;471;162;489;123;495;@31.8
1638347076363.jpg;208;464;267;454;268;474;210;483;@138.44
1638347076363.jpg;315;447;354;442;355;462;317;467;@邓雷
1638347076363.jpg;401;435;450;428;451;447;404;454;@142.3
1638347076363.jpg;526;417;565;411;567;430;529;436;@徐帆
1638347076363.jpg;651;399;689;393;692;412;653;417;@赖鑫
1638347076363.jpg;756;383;813;375;816;394;758;402;@许桂珍
1638347076363.jpg;861;368;918;360;921;379;863;387;@王玉华
1638347076363.jpg;956;354;1032;343;1034;362;958;373;@东安子鸡
1638347076363.jpg;1069;337;1107;332;1111;351;1072;356;@赖敏
1638347076363.jpg;1155;325;1211;318;1215;335;1157;344;@张丽丽
1638347076363.jpg;114;497;171;489;173;508;115;516;@谢秀英
1638347076363.jpg;210;484;268;475;270;494;213;502;@464360
1638347076363.jpg;307;470;365;460;367;480;310;488;@367.86
1638347076363.jpg;404;455;452;448;454;468;406;474;@72.24
1638347076363.jpg;529;437;567;431;570;450;531;455;@7.42
1638347076363.jpg;644;420;701;412;704;430;646;439;@106.83
1638347076363.jpg;768;402;807;396;810;415;771;421;@5.45
1638347076363.jpg;863;388;921;380;923;398;867;407;@张志强
1638347076363.jpg;968;373;1025;364;1028;383;971;391;@段秀芳
1638347076363.jpg;1063;359;1111;352;1113;370;1066;377;@96.73
1638347076363.jpg;1167;343;1205;338;1209;357;1171;362;@97.5
1638347076363.jpg;115;517;173;509;175;529;116;537;@126.06
1638347076363.jpg;213;503;270;495;273;514;214;523;@炖水鱼
1638347076363.jpg;309;489;367;481;370;500;311;508;@吴玉梅
1638347076363.jpg;396;477;473;466;476;485;399;496;@炒水鱼丝
1638347076363.jpg;532;456;560;452;563;472;533;476;@0.8
1638347076363.jpg;646;440;695;433;698;452;649;458;@60.58
1638347076363.jpg;761;423;819;415;821;433;764;442;@446.63
1638347076363.jpg;857;409;933;398;936;417;860;428;@无为熏鸭
1638347076363.jpg;981;391;1019;385;1022;404;984;410;@0.97
1638347076363.jpg;1066;378;1114;371;1117;390;1070;397;@89.52
1638347076363.jpg;1171;363;1209;358;1212;376;1174;382;@李洋
1638347076363.jpg;136;535;156;532;158;551;138;554;@76
1638347076363.jpg;224;523;263;516;265;536;226;542;@2.14
1638347076363.jpg;312;509;369;501;372;521;313;529;@242.85
1638347076363.jpg;418;494;456;488;459;507;420;513;@杨明
1638347076363.jpg;505;481;602;467;603;486;507;500;@凤城酿节瓜
1638347076363.jpg;649;459;698;453;700;472;652;479;@85.81
1638347076363.jpg;764;443;821;434;825;453;768;463;@986262
1638347076363.jpg;870;427;927;419;930;438;873;446;@204489
1638347076363.jpg;975;412;1022;405;1025;424;978;431;@12.85
1638347076363.jpg;1070;398;1127;390;1130;409;1074;417;@121.81
1638347076363.jpg;1175;383;1212;377;1216;396;1177;402;@杨云
1638347076363.jpg;118;559;168;551;169;571;120;578;@81.13
1638347076363.jpg;226;543;265;537;266;556;228;562;@2.24
1638347076363.jpg;313;530;372;522;373;540;315;549;@135.59
1638347076363.jpg;420;514;459;508;462;528;422;534;@38.2
1638347076363.jpg;526;498;585;490;587;509;529;517;@175.33
1638347076363.jpg;652;480;709;472;712;491;655;499;@678356
1638347076363.jpg;777;462;815;456;818;475;779;481;@吴颖
1638347076363.jpg;873;447;930;439;933;458;875;467;@张玉英
1638347076363.jpg;969;433;1045;422;1048;441;971;452;@香芋扣肉
1638347076363.jpg;1074;418;1121;411;1124;430;1076;437;@85.84
1638347076363.jpg;1178;403;1216;397;1220;416;1181;422;@62.2
1638347076363.jpg;120;579;179;570;181;589;122;598;@307237
1638347076363.jpg;218;565;277;555;278;575;220;584;@农小红
1638347076363.jpg;315;550;364;543;366;563;318;570;@507.3
1638347076363.jpg;413;536;462;529;463;548;415;555;@64.68
1638347076363.jpg;539;517;578;511;580;531;541;537;@70.8
1638347076363.jpg;655;500;712;492;715;511;657;520;@张志强
1638347076363.jpg;771;483;818;476;821;495;773;502;@18.09
1638347076363.jpg;876;468;924;460;927;480;879;487;@98.88
1638347076363.jpg;990;450;1029;445;1033;465;994;470;@57.5
1638347076363.jpg;1086;436;1124;431;1128;450;1090;455;@0.81
1638347076363.jpg;1172;424;1229;416;1233;434;1175;443;@黄秀兰
1638347076363.jpg;132;598;171;592;173;611;133;618;@王岩
1638347076363.jpg;230;583;268;578;271;597;231;603;@王伟
1638347076363.jpg;318;571;376;562;378;581;320;589;@刘小红
1638347076363.jpg;415;556;473;547;476;567;417;576;@吕玉梅
1638347076363.jpg;532;539;589;531;592;549;533;559;@黄金凤
1638347076363.jpg;658;521;715;512;718;531;660;540;@184.82
1638347076363.jpg;782;502;821;496;825;515;786;522;@0.88
1638347076363.jpg;888;486;927;481;930;500;892;505;@吴斌
1638347076363.jpg;994;471;1033;466;1035;484;997;490;@王岩
1638347076363.jpg;1080;458;1138;449;1141;469;1084;477;@210.39
1638347076363.jpg;1185;442;1223;437;1226;456;1189;462;@4.58
1638347076363.jpg;134;619;173;612;175;632;135;638;@何想
1638347076363.jpg;212;607;290;596;293;614;213;627;@乐从鱼腐
1638347076363.jpg;320;591;378;582;381;602;321;610;@102.27
1638347076363.jpg;417;576;475;568;478;587;419;596;@向凤英
1638347076363.jpg;534;560;582;552;585;572;536;579;@30.37
1638347076363.jpg;660;541;709;534;711;553;663;561;@74.09
1638347076363.jpg;786;523;825;516;827;536;789;541;@0.97
1638347076363.jpg;882;508;939;499;943;518;885;528;@黄红霞
1638347076363.jpg;997;491;1027;487;1029;506;1001;510;@4.5
1638347076363.jpg;1084;478;1141;470;1144;489;1087;497;@425.82
1638347076363.jpg;1179;465;1236;455;1240;475;1183;483;@302230
1638347076363.jpg;125;640;185;632;187;652;127;660;@102.31
1638347076363.jpg;223;626;283;618;285;637;226;646;@炖水鱼
1638347076363.jpg;331;610;371;604;373;624;334;630;@9.27
1638347076363.jpg;420;597;478;588;481;608;422;616;@243.48
1638347076363.jpg;526;581;605;570;607;589;529;601;@均安蒸猪
1638347076363.jpg;663;562;721;552;723;572;666;580;@焖大鳝
1638347076363.jpg;769;545;846;534;850;553;772;565;@航空禁运
1638347076363.jpg;885;529;933;522;936;540;888;547;@49.19
1638347076363.jpg;991;512;1048;504;1052;524;994;532;@608.76
1638347076363.jpg;1097;497;1135;491;1138;510;1100;516;@31.3
1638347076363.jpg;1193;483;1230;477;1234;496;1196;502;@0.84
1638347076363.jpg;78;252;1194;92;1271;502;114;674;cell@
1638347076363.jpg;78;252;1194;92;1271;502;114;674;table@1
