1638347107645.jpg;238;107;311;120;308;138;234;125;@收件地址
1638347107645.jpg;358;129;414;138;410;156;354;147;@收件人
1638347107645.jpg;460;147;534;160;530;178;457;165;@支付方式
1638347107645.jpg;571;167;665;183;661;201;568;185;@托运人签字
1638347107645.jpg;692;188;767;201;764;220;689;206;@收件地址
1638347107645.jpg;804;208;842;215;838;233;801;226;@现付
1638347107645.jpg;889;223;926;230;923;248;886;242;@货物
1638347107645.jpg;964;237;1039;250;1035;268;960;254;@发件信息
1638347107645.jpg;1067;255;1142;269;1140;286;1064;274;@大写金额
1638347107645.jpg;1198;278;1236;285;1233;304;1196;297;@自提
1638347107645.jpg;1292;296;1387;312;1385;331;1290;313;@提货人签字
1638347107645.jpg;248;148;286;155;282;173;245;166;@审核
1638347107645.jpg;351;166;407;176;402;194;347;184;@206285
1638347107645.jpg;443;183;537;199;533;218;440;200;@大良炒牛奶
1638347107645.jpg;583;208;639;218;636;236;580;225;@李建军
1638347107645.jpg;695;228;751;238;748;256;692;246;@辣子鸡
1638347107645.jpg;798;247;836;253;832;271;795;264;@黄斌
1638347107645.jpg;892;263;911;266;907;284;889;281;@64
1638347107645.jpg;967;276;1014;285;1011;303;964;295;@14.54
1638347107645.jpg;1070;295;1127;305;1124;323;1068;313;@822395
1638347107645.jpg;1193;317;1230;324;1228;341;1190;335;@2.14
1638347107645.jpg;1306;337;1363;347;1360;366;1304;355;@152.81
1638347107645.jpg;241;186;278;193;274;210;237;203;@现付
1638347107645.jpg;353;205;390;212;387;230;349;223;@0.86
1638347107645.jpg;455;224;511;234;508;252;452;242;@郭桂芝
1638347107645.jpg;586;247;623;254;620;272;582;266;@王璐
1638347107645.jpg;698;268;735;274;732;292;695;285;@6.47
1638347107645.jpg;782;282;839;293;835;310;779;301;@316.07
1638347107645.jpg;876;300;913;306;910;324;873;317;@0.82
1638347107645.jpg;961;314;1008;323;1005;341;957;333;@72.35
1638347107645.jpg;1064;333;1121;343;1118;362;1062;351;@龙玉英
1638347107645.jpg;1187;355;1224;362;1222;380;1185;374;@9.27
1638347107645.jpg;1300;376;1348;383;1345;402;1298;394;@77.54
1638347107645.jpg;215;221;290;233;285;251;211;238;@大写金额
1638347107645.jpg;327;240;401;253;397;272;323;258;@黄埔炒蛋
1638347107645.jpg;448;262;494;271;491;288;445;280;@59.62
1638347107645.jpg;569;283;616;292;613;310;566;302;@17.45
1638347107645.jpg;682;304;728;312;725;331;679;322;@29.36
1638347107645.jpg;794;324;813;328;810;345;791;342;@89
1638347107645.jpg;860;336;916;346;914;364;857;354;@裴春梅
1638347107645.jpg;955;353;1011;363;1009;381;951;371;@301956
1638347107645.jpg;1058;372;1115;381;1112;400;1056;390;@974115
1638347107645.jpg;1172;392;1228;402;1226;421;1169;410;@920358
1638347107645.jpg;1295;414;1352;425;1350;442;1293;432;@辣子鸡
1638347107645.jpg;217;260;273;270;268;288;212;277;@审核人
1638347107645.jpg;328;279;384;290;381;308;325;298;@李秀梅
1638347107645.jpg;450;302;487;308;484;327;447;320;@魏帅
1638347107645.jpg;562;322;618;332;615;350;559;340;@458908
1638347107645.jpg;684;343;721;350;719;369;681;362;@刘璐
1638347107645.jpg;769;359;826;370;822;387;765;378;@陈小红
1638347107645.jpg;863;376;901;382;898;401;860;394;@0.84
1638347107645.jpg;958;393;995;400;993;418;954;412;@王芳
1638347107645.jpg;1062;412;1099;419;1097;437;1059;430;@方林
1638347107645.jpg;1166;430;1223;440;1220;459;1163;449;@李小红
1638347107645.jpg;1299;454;1338;461;1334;480;1297;473;@杨静
1638347107645.jpg;218;300;255;306;252;324;214;317;@备注
1638347107645.jpg;321;318;377;328;374;346;318;337;@308.36
1638347107645.jpg;433;339;480;346;477;365;430;356;@13.47
1638347107645.jpg;555;360;602;369;599;387;552;378;@95.66
1638347107645.jpg;668;380;724;391;721;409;665;399;@205.09
1638347107645.jpg;772;399;810;406;807;425;768;418;@0.95
1638347107645.jpg;857;415;895;422;891;440;854;433;@祁艳
1638347107645.jpg;952;431;989;438;987;457;948;450;@王璐
1638347107645.jpg;1056;450;1093;457;1091;476;1053;469;@67.3
1638347107645.jpg;1160;469;1217;480;1215;499;1157;488;@394.92
1638347107645.jpg;1284;492;1341;502;1339;520;1281;510;@257.62
1638347107645.jpg;182;333;276;349;272;368;179;351;@提货人签字
1638347107645.jpg;313;356;360;365;357;383;310;375;@377.2
1638347107645.jpg;426;377;482;387;479;405;423;395;@200.39
1638347107645.jpg;558;400;595;407;592;426;554;419;@0.88
1638347107645.jpg;661;420;709;428;705;446;658;437;@27.14
1638347107645.jpg;756;436;813;446;810;465;752;455;@陈秀云
1638347107645.jpg;841;452;898;462;895;481;838;470;@232637
1638347107645.jpg;936;469;993;479;990;498;933;488;@程秀梅
1638347107645.jpg;1040;488;1097;498;1094;516;1037;506;@丁雪梅
1638347107645.jpg;1164;510;1203;516;1199;535;1161;528;@李静
1638347107645.jpg;1278;530;1336;541;1333;560;1276;549;@秦桂珍
1638347107645.jpg;193;375;249;384;246;403;190;393;@发件人
1638347107645.jpg;306;395;362;405;359;424;302;413;@920358
1638347107645.jpg;418;415;475;426;472;444;415;433;@丁雪梅
1638347107645.jpg;541;437;597;447;594;466;538;456;@594.88
1638347107645.jpg;654;458;702;467;698;485;651;477;@68.63
1638347107645.jpg;749;475;796;484;794;503;746;494;@57.35
1638347107645.jpg;844;493;882;500;878;517;841;510;@19.1
1638347107645.jpg;939;509;967;514;965;533;936;528;@4.5
1638347107645.jpg;1044;528;1082;535;1079;554;1041;547;@0.94
1638347107645.jpg;1130;544;1225;561;1223;580;1126;562;@大良炒牛奶
1638347107645.jpg;1282;572;1321;578;1318;597;1280;590;@6.28
1638347107645.jpg;185;413;242;424;238;441;182;431;@发件人
1638347107645.jpg;298;433;354;443;351;462;295;452;@杨桂花
1638347107645.jpg;411;454;467;464;464;483;408;473;@703593
1638347107645.jpg;553;480;572;483;568;502;550;499;@70
1638347107645.jpg;657;499;695;505;691;524;654;517;@7.81
1638347107645.jpg;752;515;790;522;787;541;748;534;@57.5
1638347107645.jpg;828;529;885;540;882;558;825;548;@178957
1638347107645.jpg;933;548;971;555;968;574;930;567;@95.8
1638347107645.jpg;1028;566;1085;576;1082;595;1025;584;@636206
1638347107645.jpg;1143;587;1201;597;1197;616;1140;605;@397.39
1638347107645.jpg;1268;609;1316;618;1312;637;1265;628;@123.6
1638347107645.jpg;177;452;234;462;230;481;174;470;@审核人
1638347107645.jpg;300;474;337;481;334;500;297;493;@曾琴
1638347107645.jpg;413;495;451;502;447;520;410;513;@6.28
1638347107645.jpg;536;517;575;524;571;542;533;535;@6.25
1638347107645.jpg;650;537;688;544;684;563;647;556;@98.1
1638347107645.jpg;736;553;793;563;790;582;733;572;@297426
1638347107645.jpg;822;569;879;579;875;598;818;587;@辣子鸡
1638347107645.jpg;917;586;964;595;962;613;914;605;@193.6
1638347107645.jpg;1031;607;1070;614;1067;633;1029;626;@0.88
1638347107645.jpg;1146;628;1185;635;1183;653;1144;646;@朱欣
1638347107645.jpg;1262;649;1310;657;1308;677;1259;668;@74.09
1638347107645.jpg;150;488;245;505;241;523;147;505;@提货人签字
1638347107645.jpg;283;511;339;521;336;540;279;530;@118.17
1638347107645.jpg;396;532;453;542;450;561;393;550;@823.47
1638347107645.jpg;529;556;567;563;563;582;526;575;@马丹
1638347107645.jpg;643;577;672;582;669;601;640;596;@0.9
1638347107645.jpg;729;592;776;601;774;620;726;611;@41.54
1638347107645.jpg;815;608;863;617;860;635;811;627;@42.42
1638347107645.jpg;910;625;968;636;965;655;908;644;@王建军
1638347107645.jpg;1025;646;1064;653;1061;673;1023;666;@赵丽
1638347107645.jpg;1131;666;1179;675;1177;694;1128;685;@49.19
1638347107645.jpg;1257;689;1305;698;1302;716;1253;708;@85.04
1638347107645.jpg;152;528;228;542;224;560;148;546;@收件地址
1638347107645.jpg;275;550;322;559;319;578;271;569;@81.54
1638347107645.jpg;398;573;437;580;433;598;395;592;@0.84
1638347107645.jpg;512;594;560;602;556;621;509;612;@237.5
1638347107645.jpg;627;614;684;625;680;644;623;633;@152.59
1638347107645.jpg;732;634;770;641;767;659;729;652;@11.7
1638347107645.jpg;809;647;866;658;862;678;805;667;@486309
1638347107645.jpg;904;666;952;675;949;693;901;685;@13.33
1638347107645.jpg;1010;685;1058;694;1054;712;1007;704;@16.77
1638347107645.jpg;1135;708;1173;714;1171;733;1132;726;@0.99
1638347107645.jpg;1251;728;1309;739;1305;758;1247;748;@177.47
1638347107645.jpg;153;569;210;579;207;598;150;587;@审核人
1638347107645.jpg;267;590;324;600;321;619;264;608;@李红梅
1638347107645.jpg;381;610;439;621;435;640;378;629;@139611
1638347107645.jpg;514;635;553;642;549;660;511;653;@范畅
1638347107645.jpg;629;656;668;664;665;682;626;675;@98.1
1638347107645.jpg;715;672;773;683;770;701;712;691;@320.03
1638347107645.jpg;802;688;850;697;847;715;798;707;@898.1
1638347107645.jpg;897;705;955;716;952;734;895;724;@程秀梅
1638347107645.jpg;1004;724;1062;735;1058;754;1000;744;@320687
1638347107645.jpg;1129;748;1168;755;1165;774;1126;767;@魏帅
1638347107645.jpg;1255;770;1293;777;1291;797;1252;789;@吴斌
1638347107645.jpg;136;606;212;620;209;639;132;625;@发件电话
1638347107645.jpg;259;629;308;638;303;656;256;648;@94.63
1638347107645.jpg;383;652;422;659;418;678;380;671;@支洁
1638347107645.jpg;507;675;546;682;542;701;504;694;@0.92
1638347107645.jpg;613;694;661;703;658;722;609;713;@171.2
1638347107645.jpg;718;713;756;720;753;739;715;732;@刘宁
1638347107645.jpg;795;727;843;736;840;756;792;747;@90.53
1638347107645.jpg;891;746;949;756;946;775;888;764;@621.75
1638347107645.jpg;1016;768;1036;772;1033;790;1014;787;@80
1638347107645.jpg;1113;786;1171;797;1169;816;1110;805;@938.34
1638347107645.jpg;1239;809;1297;820;1295;839;1237;828;@张丽丽
1638347107645.jpg;137;648;194;658;191;678;134;667;@发件人
1638347107645.jpg;251;669;309;680;305;699;248;688;@594.88
1638347107645.jpg;367;690;414;699;410;718;362;709;@628.4
1638347107645.jpg;500;715;539;721;536;740;497;733;@赖鑫
1638347107645.jpg;616;735;654;743;651;762;612;755;@李璐
1638347107645.jpg;701;752;759;762;756;781;698;771;@107.53
1638347107645.jpg;788;768;846;778;843;798;786;786;@张桂芝
1638347107645.jpg;894;787;933;795;930;813;891;806;@潘洋
1638347107645.jpg;1001;807;1039;814;1037;834;998;826;@13.4
1638347107645.jpg;1107;826;1156;836;1153;854;1105;846;@16.87
1638347107645.jpg;1234;850;1292;860;1289;880;1231;869;@123.66
1638347107645.jpg;139;690;177;697;173;715;135;708;@自提
1638347107645.jpg;253;711;292;717;288;736;250;729;@7.42
1638347107645.jpg;368;731;407;738;403;758;364;751;@郭玉
1638347107645.jpg;484;753;531;762;528;781;479;772;@82.26
1638347107645.jpg;599;774;656;784;653;804;595;794;@313.77
1638347107645.jpg;704;794;743;801;740;820;701;813;@0.97
1638347107645.jpg;791;810;830;817;827;836;788;828;@邓雷
1638347107645.jpg;888;827;927;835;923;854;885;847;@0.81
1638347107645.jpg;985;846;1043;856;1040;876;981;864;@740.43
1638347107645.jpg;1101;866;1150;876;1147;895;1099;886;@57.91
1638347107645.jpg;1247;893;1266;897;1264;917;1244;913;@54
1638347107645.jpg;103;724;198;742;194;761;98;744;@托运人签字
1638347107645.jpg;245;751;284;758;280;777;242;770;@0.94
1638347107645.jpg;351;770;409;780;405;800;347;789;@389674
1638347107645.jpg;486;795;524;802;521;821;482;814;@张龙
1638347107645.jpg;592;814;640;823;636;843;588;834;@147.2
1638347107645.jpg;697;835;737;841;733;860;694;853;@任荣
1638347107645.jpg;785;850;823;857;820;877;782;870;@0.87
1638347107645.jpg;871;866;930;877;927;896;868;886;@段秀芳
1638347107645.jpg;989;888;1027;895;1024;914;985;907;@40.5
1638347107645.jpg;1095;908;1144;916;1141;936;1093;926;@74.09
1638347107645.jpg;1222;931;1270;940;1268;960;1219;950;@78.74
1638347107645.jpg;94;764;190;782;186;801;90;783;@托运人签字
1638347107645.jpg;237;790;276;798;272;817;234;810;@0.93
1638347107645.jpg;344;810;401;821;397;841;339;829;@149146
1638347107645.jpg;479;836;517;843;514;861;474;854;@李洁
1638347107645.jpg;604;858;623;862;620;881;600;878;@80
1638347107645.jpg;690;875;730;882;726;902;687;894;@38.2
1638347107645.jpg;778;891;816;898;813;917;775;910;@吕梅
1638347107645.jpg;875;909;914;916;910;936;872;929;@马军
1638347107645.jpg;972;926;1021;936;1018;956;970;946;@736.7
1638347107645.jpg;1089;948;1148;960;1145;979;1086;968;@173.96
1638347107645.jpg;1226;973;1265;981;1262;1000;1223;993;@19.1
1638347107645.jpg;105;808;162;819;159;838;101;827;@审核人
1638347107645.jpg;211;827;288;842;284;861;206;847;@香芋扣肉
1638347107645.jpg;336;851;394;861;390;881;332;871;@140.69
1638347107645.jpg;471;876;509;883;506;903;467;895;@55.2
1638347107645.jpg;577;895;635;907;632;925;574;915;@159.52
1638347107645.jpg;674;914;723;922;719;942;670;933;@71.04
1638347107645.jpg;771;932;810;939;807;959;768;951;@王晨
1638347107645.jpg;859;948;907;957;904;976;855;967;@102.3
1638347107645.jpg;976;969;1014;976;1012;996;972;989;@79.7
1638347107645.jpg;1083;990;1141;1000;1139;1020;1080;1009;@176.17
1638347107645.jpg;1220;1015;1259;1022;1256;1041;1218;1035;@尹阳
1638347107645.jpg;170;320;1372;536;1367;577;162;359;cell@
1638347107645.jpg;217;93;1404;305;1398;343;209;132;cell@
1638347107645.jpg;82;751;1311;979;1305;1020;74;791;cell@
1638347107645.jpg;130;512;1345;734;1339;776;122;553;cell@
1638347107645.jpg;178;281;1377;498;1372;537;170;320;cell@
1638347107645.jpg;90;710;1317;937;1311;980;82;752;cell@
1638347107645.jpg;201;168;1393;381;1388;421;194;206;cell@
1638347107645.jpg;162;358;1367;576;1361;616;154;397;cell@
1638347107645.jpg;154;396;1361;615;1356;655;146;436;cell@
1638347107645.jpg;186;244;1383;458;1377;499;178;282;cell@
1638347107645.jpg;115;591;1334;815;1328;856;106;632;cell@
1638347107645.jpg;138;474;1350;695;1345;735;130;513;cell@
1638347107645.jpg;146;435;1356;654;1350;696;138;475;cell@
1638347107645.jpg;123;552;1339;775;1334;816;114;592;cell@
1638347107645.jpg;99;671;1322;896;1317;938;90;711;cell@
1638347107645.jpg;209;131;1399;342;1392;382;201;169;cell@
1638347107645.jpg;194;205;1388;420;1383;459;186;245;cell@
1638347107645.jpg;107;631;1328;855;1322;897;99;672;cell@
1638347107645.jpg;74;790;1306;1019;1300;1061;66;833;cell@
1638347107645.jpg;217;93;1404;305;1300;1061;66;833;table@1
