1638347051302.jpg;109;197;165;191;166;206;110;211;@120.22
1638347051302.jpg;212;185;250;182;250;200;213;204;@ª∆»
1638347051302.jpg;297;177;334;174;335;193;297;196;@‘¯«Ÿ
1638347051302.jpg;381;172;428;169;429;183;382;187;@237.5
1638347051302.jpg;484;164;522;160;523;174;485;178;@2.46
1638347051302.jpg;568;153;624;149;626;168;570;172;@¿Ó–„ª™
1638347051302.jpg;671;147;718;143;719;157;673;161;@62.45
1638347051302.jpg;774;138;821;133;822;148;775;152;@98.73
1638347051302.jpg;876;129;932;124;933;138;878;143;@273.25
1638347051302.jpg;970;117;1043;111;1046;130;972;136;@¿÷¥””„∏Ø
1638347051302.jpg;1072;112;1118;107;1120;121;1074;126;@94.89
1638347051302.jpg;111;232;168;227;168;246;112;251;@–Ìπ’‰
1638347051302.jpg;204;224;261;218;263;237;206;243;@Œ‚ Á’‰
1638347051302.jpg;289;216;346;211;347;229;291;233;@Õı”Ò¿º
1638347051302.jpg;384;208;439;203;441;222;384;227;@∏ Á¿º
1638347051302.jpg;487;199;524;195;526;214;488;217;@∞◊æ¸
1638347051302.jpg;581;190;618;187;619;205;583;209;@œÚ∂´
1638347051302.jpg;675;185;722;181;723;195;676;199;@154.0
1638347051302.jpg;777;173;833;168;836;187;779;191;@‘≠π”¢
1638347051302.jpg;880;167;927;163;929;177;882;181;@35.59
1638347051302.jpg;992;154;1029;151;1032;170;994;172;@’≈±Ú
1638347051302.jpg;1085;146;1123;142;1124;161;1088;165;@¿ÓÀß
1638347051302.jpg;122;272;160;269;161;283;123;286;@5.45
1638347051302.jpg;207;265;264;259;264;274;207;279;@457.71
1638347051302.jpg;292;257;349;252;350;266;293;272;@455290
1638347051302.jpg;386;249;433;245;435;259;388;263;@81.54
1638347051302.jpg;490;236;528;233;528;253;491;256;@¿ÓÃŒ
1638347051302.jpg;583;229;621;225;623;244;585;248;@ª∆±Û
1638347051302.jpg;678;223;734;218;735;233;680;237;@187.75
1638347051302.jpg;781;213;838;209;839;223;782;228;@338.78
1638347051302.jpg;903;203;921;201;924;215;905;217;@83
1638347051302.jpg;997;194;1034;191;1035;206;998;209;@57.5
1638347051302.jpg;1081;187;1136;182;1139;196;1082;201;@171.75
1638347051302.jpg;114;312;172;307;172;321;115;326;@169.82
1638347051302.jpg;210;303;266;298;267;313;210;317;@1771.3
1638347051302.jpg;294;296;351;290;352;305;296;310;@400024
1638347051302.jpg;389;287;436;283;437;297;390;302;@35.41
1638347051302.jpg;492;275;530;272;532;291;494;294;@¿ÓÀß
1638347051302.jpg;587;270;625;266;626;281;588;283;@87.9
1638347051302.jpg;682;261;729;257;730;271;683;276;@98.88
1638347051302.jpg;794;248;832;245;834;264;796;267;@∏µ∆Ω
1638347051302.jpg;888;240;944;234;946;254;889;259;@∏ﬂ–„√∑
1638347051302.jpg;991;233;1038;230;1040;244;993;248;@13.47
1638347051302.jpg;1085;225;1141;220;1143;234;1086;239;@532.96
1638347051302.jpg;126;347;164;344;165;363;127;366;@÷Ïƒ»
1638347051302.jpg;211;339;269;334;269;353;213;358;@◊£π’‰
1638347051302.jpg;306;331;344;327;345;347;307;349;@π‹∑º
1638347051302.jpg;401;322;439;318;440;338;402;342;@…£–Ò
1638347051302.jpg;505;315;524;313;525;328;506;330;@45
1638347051302.jpg;590;305;628;302;629;321;592;324;@—Ó√˜
1638347051302.jpg;684;300;732;295;733;310;686;314;@102.3
1638347051302.jpg;789;287;844;283;847;302;790;307;@∑Î¿ˆ¿ˆ
1638347051302.jpg;892;281;948;276;950;290;894;295;@149.98
1638347051302.jpg;996;272;1043;268;1044;282;997;286;@24.68
1638347051302.jpg;1098;259;1136;257;1139;276;1101;279;@∫ŒœÎ
1638347051302.jpg;118;387;175;382;176;401;119;406;@≥Ã∑Ô¿º
1638347051302.jpg;223;377;261;374;262;393;224;396;@Õı¡¯
1638347051302.jpg;299;373;356;368;357;383;301;388;@560713
1638347051302.jpg;413;363;432;361;433;376;414;378;@70
1638347051302.jpg;489;356;546;351;548;366;490;371;@825.97
1638347051302.jpg;574;346;650;339;651;358;576;365;@≥¥ÀÆ…ﬂ∆¨
1638347051302.jpg;698;338;735;334;737;348;699;352;@9.13
1638347051302.jpg;792;329;849;324;850;339;794;344;@400.25
1638347051302.jpg;906;318;944;315;945;330;907;333;@0.88
1638347051302.jpg;999;308;1056;303;1058;321;1002;327;@ ¢π÷•
1638347051302.jpg;1094;299;1151;294;1152;313;1096;318;@¡ı–„√∑
1638347051302.jpg;130;425;168;421;169;440;131;444;@Õı∂´
1638347051302.jpg;216;420;264;416;264;431;216;435;@354.5
1638347051302.jpg;302;412;359;407;360;422;302;427;@161.48
1638347051302.jpg;406;403;444;399;445;414;408;417;@0.84
1638347051302.jpg;492;395;540;390;541;405;493;410;@61.12
1638347051302.jpg;587;384;644;379;646;397;588;402;@∞¸∑Ô¿º
1638347051302.jpg;682;375;758;368;759;388;684;394;@ª∆∆“≥¥µ∞
1638347051302.jpg;815;366;834;364;835;379;816;381;@77
1638347051302.jpg;900;355;957;350;959;370;902;375;@¬Ì∑Ô”¢
1638347051302.jpg;1014;346;1050;342;1053;360;1015;364;@’‘œÎ
1638347051302.jpg;1099;341;1155;336;1157;350;1100;355;@557939
1638347051302.jpg;122;465;179;459;180;479;123;484;@¡ı–„√∑
1638347051302.jpg;218;459;265;454;267;469;219;474;@95.68
1638347051302.jpg;304;451;352;447;352;462;305;466;@87.11
1638347051302.jpg;419;441;438;440;439;454;420;455;@56
1638347051302.jpg;495;435;552;429;554;444;496;448;@128.84
1638347051302.jpg;590;423;648;418;648;438;592;443;@ ¢π÷•
1638347051302.jpg;695;416;752;411;754;426;696;431;@206285
1638347051302.jpg;799;404;856;398;858;418;801;424;@∑Î”Ò√∑
1638347051302.jpg;914;393;951;390;953;410;915;413;@’≈¡˙
1638347051302.jpg;1008;388;1055;384;1058;398;1010;402;@92.81
1638347051302.jpg;1122;378;1141;376;1142;389;1123;391;@41
1638347051302.jpg;124;504;182;499;183;519;125;524;@¿Ó∫Ï√∑
1638347051302.jpg;239;497;259;495;259;510;240;512;@84
1638347051302.jpg;316;490;355;486;355;501;317;505;@70.8
1638347051302.jpg;402;482;450;478;451;493;404;497;@14.54
1638347051302.jpg;498;473;556;468;556;483;499;488;@113.54
1638347051302.jpg;602;461;641;457;643;477;604;481;@—Ó‘∆
1638347051302.jpg;698;455;746;451;747;466;699;470;@86.69
1638347051302.jpg;803;443;860;438;862;455;805;460;@Õı”Ò¿º
1638347051302.jpg;917;436;955;433;957;446;919;450;@11.3
1638347051302.jpg;1022;426;1060;423;1062;438;1024;441;@97.5
1638347051302.jpg;1108;419;1155;414;1157;429;1109;434;@42.83
1638347051302.jpg;126;547;175;543;175;558;127;562;@55.53
1638347051302.jpg;222;536;280;531;281;550;223;555;@Õı¿ˆæÍ
1638347051302.jpg;318;530;357;526;358;541;319;545;@95.8
1638347051302.jpg;405;522;453;518;454;533;406;537;@85.84
1638347051302.jpg;500;513;549;509;550;524;502;528;@95.68
1638347051302.jpg;597;504;645;500;646;515;598;519;@95.66
1638347051302.jpg;702;495;749;491;751;505;703;510;@66.39
1638347051302.jpg;816;484;855;481;856;496;818;499;@70.8
1638347051302.jpg;921;472;959;468;961;488;923;492;@¬¿√∑
1638347051302.jpg;1026;462;1064;459;1067;479;1028;482;@≥¬≥©
1638347051302.jpg;1122;457;1160;453;1161;468;1123;472;@0.95
1638347051302.jpg;128;587;176;583;178;598;129;602;@50.79
1638347051302.jpg;234;574;273;571;274;591;235;594;@Õı∑º
1638347051302.jpg;320;567;359;563;361;583;322;587;@¡ıª€
1638347051302.jpg;417;558;456;554;457;574;419;578;@Õı”¬
1638347051302.jpg;504;550;561;545;563;565;505;570;@¡ı–„√∑
1638347051302.jpg;599;541;657;536;659;556;601;561;@¬Ω–„¿º
1638347051302.jpg;705;535;763;530;764;544;706;550;@771382
1638347051302.jpg;800;523;877;516;880;536;803;543;@¿÷¥””„∏Ø
1638347051302.jpg;925;515;964;511;965;526;928;530;@2.24
1638347051302.jpg;1031;505;1069;502;1071;517;1032;520;@9.13
1638347051302.jpg;1126;493;1164;490;1167;510;1128;513;@¡ı—Ù
1638347051302.jpg;140;626;179;623;179;637;140;641;@39.8
1638347051302.jpg;226;615;285;610;286;630;228;635;@ª∆¿ˆæÍ
1638347051302.jpg;314;610;372;605;373;620;314;625;@918.67
1638347051302.jpg;420;601;459;597;460;612;421;616;@70.8
1638347051302.jpg;506;590;564;585;566;605;508;610;@∫Ó–„‘∆
1638347051302.jpg;603;584;651;580;652;595;604;599;@55.98
1638347051302.jpg;719;574;757;570;759;585;720;589;@7.81
1638347051302.jpg;814;565;863;561;864;576;816;580;@93.35
1638347051302.jpg;920;555;978;550;979;565;922;570;@852.98
1638347051302.jpg;1035;545;1073;541;1075;556;1037;560;@31.3
1638347051302.jpg;1131;533;1169;530;1171;550;1132;553;@≥¬Àß
1638347051302.jpg;141;667;180;663;181;678;143;682;@0.96
1638347051302.jpg;229;659;287;654;288;669;230;674;@133.72
1638347051302.jpg;316;647;374;642;376;663;317;668;@—Óπª®
1638347051302.jpg;423;638;461;634;463;655;424;659;@Ω™Ω‡
1638347051302.jpg;510;633;558;628;559;643;511;648;@55.98
1638347051302.jpg;607;624;664;619;666;634;608;639;@101243
1638347051302.jpg;712;611;770;606;772;626;714;631;@›˛ Á’‰
1638347051302.jpg;827;601;866;598;868;617;830;621;@≥¬—“
1638347051302.jpg;924;595;982;590;983;605;926;610;@102.46
1638347051302.jpg;1040;585;1078;581;1080;596;1041;600;@86.3
1638347051302.jpg;1125;577;1174;573;1176;588;1128;592;@14.92
1638347051302.jpg;154;706;173;704;174;720;154;722;@54
1638347051302.jpg;231;699;280;695;281;710;232;715;@84.57
1638347051302.jpg;319;691;367;687;368;702;319;706;@27.06
1638347051302.jpg;416;682;475;677;475;692;417;697;@100889
1638347051302.jpg;512;671;571;665;573;685;514;691;@“∂∂¨√∑
1638347051302.jpg;610;665;668;660;669;675;611;680;@156.24
1638347051302.jpg;715;652;774;646;776;667;717;672;@≈∑Ω®ª™
1638347051302.jpg;832;644;871;640;872;656;833;660;@8.13
1638347051302.jpg;937;631;976;628;978;648;940;652;@∑∂≥©
1638347051302.jpg;1034;626;1082;621;1084;636;1036;640;@55.33
1638347051302.jpg;1150;615;1169;613;1171;628;1151;630;@72
1638347051302.jpg;126;746;204;739;206;760;127;767;@±±æ©øæ—º
1638347051302.jpg;243;739;283;735;283;751;244;755;@0.87
1638347051302.jpg;322;732;370;728;371;742;322;747;@30.07
1638347051302.jpg;418;723;467;719;468;734;420;738;@95.29
1638347051302.jpg;526;714;565;710;566;725;527;729;@7.42
1638347051302.jpg;612;705;671;700;673;715;614;721;@835.53
1638347051302.jpg;720;695;768;691;769;706;721;711;@71.98
1638347051302.jpg;826;686;884;680;886;695;828;701;@514.09
1638347051302.jpg;942;675;981;672;982;687;943;690;@5.45
1638347051302.jpg;1049;663;1086;659;1089;679;1050;682;@≈À¿ˆ
1638347051302.jpg;1135;658;1193;652;1195;667;1137;673;@1470.6
1638347051302.jpg;138;790;197;785;198;800;139;805;@424.32
1638347051302.jpg;255;779;275;777;276;793;257;795;@66
1638347051302.jpg;324;773;373;768;373;783;324;789;@95.93
1638347051302.jpg;422;764;471;760;471;775;422;779;@72.35
1638347051302.jpg;528;754;567;751;568;766;530;769;@0.94
1638347051302.jpg;616;743;674;737;676;758;617;764;@¿Ó–„√∑
1638347051302.jpg;742;734;762;733;764;747;744;750;@54
1638347051302.jpg;820;724;898;717;899;737;822;744;@≥¥ÀÆ…ﬂ∆¨
1638347051302.jpg;937;717;986;712;987;727;938;732;@38.37
1638347051302.jpg;1053;705;1091;702;1093;718;1055;721;@70.8
1638347051302.jpg;1140;695;1197;689;1200;710;1141;715;@¥Œ»’¥Ô
1638347051302.jpg;140;831;199;826;200;841;141;847;@625304
1638347051302.jpg;248;819;287;814;288;835;249;838;@—Ó√˜
1638347051302.jpg;337;813;375;809;377;825;337;829;@6.25
1638347051302.jpg;424;805;473;801;474;816;426;821;@68.58
1638347051302.jpg;522;796;581;791;582;806;523;811;@254.85
1638347051302.jpg;619;783;678;778;680;799;621;804;@ÕÚ–„’‰
1638347051302.jpg;727;774;785;769;787;790;729;795;@«ÿπ’‰
1638347051302.jpg;823;765;902;758;904;778;826;786;@æ˘∞≤’Ù÷Ì
1638347051302.jpg;931;756;1009;748;1010;769;933;775;@±±æ©øæ—º
1638347051302.jpg;1058;746;1097;743;1098;759;1059;762;@3.23
1638347051302.jpg;1144;738;1203;733;1204;748;1147;754;@118307
1638347051302.jpg;143;870;201;864;202;884;143;889;@¡ı–°∫Ï
1638347051302.jpg;240;860;299;855;301;876;242;881;@«ÿπ’‰
1638347051302.jpg;329;852;388;847;389;866;330;872;@∞¸∑Ô¿º
1638347051302.jpg;426;844;485;837;487;858;428;864;@’≈÷æ«ø
1638347051302.jpg;525;837;574;833;575;849;527;853;@62.62
1638347051302.jpg;623;825;681;820;683;840;624;846;@¡ı Á”¢
1638347051302.jpg;731;819;789;812;791;828;732;834;@338.39
1638347051302.jpg;838;805;896;800;898;821;840;826;@–¡π”¢
1638347051302.jpg;954;795;993;791;996;811;956;816;@’≈¡˙
1638347051302.jpg;1052;789;1110;783;1112;799;1054;804;@119.51
1638347051302.jpg;1159;778;1198;775;1200;791;1161;794;@0.91
1638347051302.jpg;144;915;194;909;194;925;146;930;@91.38
1638347051302.jpg;253;902;292;899;293;919;253;922;@µÀœº
1638347051302.jpg;331;894;390;888;392;909;333;915;@Õı”Òª™
1638347051302.jpg;440;887;479;883;480;899;440;903;@2.24
1638347051302.jpg;528;879;578;874;579;889;529;895;@28.27
1638347051302.jpg;626;868;685;862;687;882;628;887;@Õı¿ˆæÍ
1638347051302.jpg;734;857;793;851;794;872;735;877;@“∂∂¨√∑
1638347051302.jpg;842;850;890;846;892;861;843;865;@59.69
1638347051302.jpg;959;838;998;835;999;851;960;854;@39.8
1638347051302.jpg;1066;826;1105;822;1107;843;1068;847;@—Óæ≤
1638347051302.jpg;1154;821;1203;817;1204;832;1156;836;@52.26
1638347051302.jpg;147;954;205;947;207;968;147;975;@—Ó∫Ï√∑
1638347051302.jpg;245;947;304;942;305;958;246;963;@112.57
1638347051302.jpg;334;939;384;935;384;950;335;955;@21.59
1638347051302.jpg;422;927;501;920;503;941;424;948;@æ˘∞≤’Ù÷Ì
1638347051302.jpg;531;921;590;915;591;930;533;937;@258.34
1638347051302.jpg;640;910;679;907;680;923;641;926;@3.23
1638347051302.jpg;737;901;787;897;789;913;739;917;@86.47
1638347051302.jpg;855;890;895;886;896;902;857;906;@0.89
1638347051302.jpg;964;880;1002;877;1004;893;965;896;@1.36
1638347051302.jpg;1061;869;1120;862;1121;883;1063;889;@÷Ï–„ª™
1638347051302.jpg;1169;858;1207;855;1210;875;1170;879;@∞◊æ¸
1638347051302.jpg;789;553;896;544;900;584;793;594;cell@
1638347051302.jpg;119;902;229;892;230;935;121;945;cell@
1638347051302.jpg;708;848;816;837;821;880;712;890;cell@
1638347051302.jpg;895;544;1001;534;1006;575;899;585;cell@
1638347051302.jpg;687;603;794;593;798;634;691;644;cell@
1638347051302.jpg;497;661;585;653;588;694;501;702;cell@
1638347051302.jpg;801;674;908;664;912;705;804;716;cell@
1638347051302.jpg;377;470;484;461;486;501;380;511;cell@
1638347051302.jpg;399;793;508;782;510;825;402;835;cell@
1638347051302.jpg;362;237;466;229;469;267;365;277;cell@
1638347051302.jpg;94;378;199;368;202;408;95;418;cell@
1638347051302.jpg;92;339;197;330;200;369;94;379;cell@
1638347051302.jpg;282;322;368;314;371;354;284;362;cell@
1638347051302.jpg;867;270;972;260;975;300;871;310;cell@
1638347051302.jpg;375;431;480;422;484;462;377;471;cell@
1638347051302.jpg;220;768;309;760;312;802;223;810;cell@
1638347051302.jpg;460;152;545;145;548;184;462;191;cell@
1638347051302.jpg;360;199;463;190;466;230;362;238;cell@
1638347051302.jpg;574;533;681;523;685;564;578;573;cell@
1638347051302.jpg;218;727;306;719;309;761;220;769;cell@
1638347051302.jpg;98;456;203;446;206;487;99;497;cell@
1638347051302.jpg;289;439;376;431;378;471;292;479;cell@
1638347051302.jpg;1078;289;1164;282;1169;321;1082;329;cell@
1638347051302.jpg;367;314;472;305;475;345;370;354;cell@
1638347051302.jpg;804;715;912;704;916;746;809;756;cell@
1638347051302.jpg;553;259;658;250;661;289;557;298;cell@
1638347051302.jpg;979;338;1083;328;1088;368;983;378;cell@
1638347051302.jpg;954;109;1057;100;1062;138;958;148;cell@
1638347051302.jpg;107;656;215;645;217;687;109;697;cell@
1638347051302.jpg;300;638;389;630;392;671;303;679;cell@
1638347051302.jpg;503;742;592;734;595;776;507;785;cell@
1638347051302.jpg;1091;406;1178;398;1183;439;1096;446;cell@
1638347051302.jpg;382;550;490;540;492;581;386;591;cell@
1638347051302.jpg;223;809;311;801;314;844;225;852;cell@
1638347051302.jpg;1087;367;1174;359;1178;399;1091;407;cell@
1638347051302.jpg;562;375;668;366;671;405;565;415;cell@
1638347051302.jpg;544;145;648;135;651;174;547;184;cell@
1638347051302.jpg;779;435;884;425;888;465;782;475;cell@
1638347051302.jpg;308;760;397;752;400;794;311;802;cell@
1638347051302.jpg;275;207;360;199;363;238;277;246;cell@
1638347051302.jpg;875;347;980;338;984;378;879;387;cell@
1638347051302.jpg;305;719;394;711;397;753;308;761;cell@
1638347051302.jpg;483;461;569;453;573;494;485;502;cell@
1638347051302.jpg;677;483;783;473;787;514;680;524;cell@
1638347051302.jpg;697;724;805;715;810;756;701;766;cell@
1638347051302.jpg;559;336;665;327;668;367;563;376;cell@
1638347051302.jpg;988;416;1092;406;1097;446;991;455;cell@
1638347051302.jpg;190;214;276;207;278;246;192;254;cell@
1638347051302.jpg;207;526;295;518;297;559;209;567;cell@
1638347051302.jpg;983;377;1088;367;1092;407;988;417;cell@
1638347051302.jpg;113;778;221;768;224;810;115;820;cell@
1638347051302.jpg;647;136;751;127;754;166;650;174;cell@
1638347051302.jpg;887;464;992;454;997;495;891;505;cell@
1638347051302.jpg;313;843;403;834;405;877;315;885;cell@
1638347051302.jpg;491;580;579;572;582;613;495;621;cell@
1638347051302.jpg;388;630;495;620;498;662;391;672;cell@
1638347051302.jpg;228;892;316;884;320;926;229;935;cell@
1638347051302.jpg;196;330;283;322;285;362;199;369;cell@
1638347051302.jpg;214;645;301;637;304;679;216;687;cell@
1638347051302.jpg;565;414;671;404;674;444;569;454;cell@
1638347051302.jpg;996;494;1101;485;1106;525;1000;535;cell@
1638347051302.jpg;971;260;1074;251;1079;290;974;300;cell@
1638347051302.jpg;466;229;551;221;554;260;468;267;cell@
1638347051302.jpg;657;250;761;240;765;280;660;289;cell@
1638347051302.jpg;899;584;1006;574;1010;615;903;624;cell@
1638347051302.jpg;1065;175;1150;168;1155;207;1070;214;cell@
1638347051302.jpg;568;453;674;444;678;484;572;494;cell@
1638347051302.jpg;1009;614;1116;604;1120;645;1013;656;cell@
1638347051302.jpg;117;860;226;851;229;893;119;903;cell@
1638347051302.jpg;105;615;212;605;215;646;107;657;cell@
1638347051302.jpg;704;806;813;796;817;838;708;849;cell@
1638347051302.jpg;891;504;997;494;1001;535;895;545;cell@
1638347051302.jpg;513;865;601;857;605;900;515;908;cell@
1638347051302.jpg;495;620;582;612;585;654;497;662;cell@
1638347051302.jpg;391;671;498;661;501;702;393;712;cell@
1638347051302.jpg;1031;818;1139;807;1144;850;1035;860;cell@
1638347051302.jpg;820;879;929;869;933;911;824;922;cell@
1638347051302.jpg;1005;574;1111;564;1116;605;1009;615;cell@
1638347051302.jpg;797;633;904;623;908;665;801;675;cell@
1638347051302.jpg;1138;807;1227;799;1231;841;1143;850;cell@
1638347051302.jpg;928;869;1036;859;1041;902;932;911;cell@
1638347051302.jpg;319;925;409;918;411;960;321;968;cell@
1638347051302.jpg;594;775;702;765;705;807;597;818;cell@
1638347051302.jpg;201;407;288;399;290;440;202;447;cell@
1638347051302.jpg;372;392;478;383;480;423;375;432;cell@
1638347051302.jpg;974;299;1079;289;1083;329;979;339;cell@
1638347051302.jpg;683;563;790;553;794;594;687;604;cell@
1638347051302.jpg;712;889;821;879;825;922;716;931;cell@
1638347051302.jpg;664;327;768;317;772;357;667;367;cell@
1638347051302.jpg;109;696;217;686;219;728;111;738;cell@
1638347051302.jpg;404;876;514;865;516;908;408;919;cell@
1638347051302.jpg;396;752;504;742;508;783;399;794;cell@
1638347051302.jpg;380;510;486;500;490;541;382;551;cell@
1638347051302.jpg;600;857;709;848;713;890;604;900;cell@
1638347051302.jpg;1082;328;1169;320;1174;360;1087;368;cell@
1638347051302.jpg;550;221;654;211;658;251;553;260;cell@
1638347051302.jpg;279;283;366;276;368;315;282;323;cell@
1638347051302.jpg;298;598;387;590;389;631;301;639;cell@
1638347051302.jpg;205;486;293;478;295;519;207;527;cell@
1638347051302.jpg;750;127;853;117;857;156;753;166;cell@
1638347051302.jpg;202;446;290;439;293;479;205;487;cell@
1638347051302.jpg;578;572;684;563;688;604;581;613;cell@
1638347051302.jpg;111;737;219;727;221;769;113;779;cell@
1638347051302.jpg;84;186;189;176;191;215;87;225;cell@
1638347051302.jpg;273;169;357;161;360;200;275;208;cell@
1638347051302.jpg;650;173;754;165;758;204;653;212;cell@
1638347051302.jpg;303;678;392;670;394;712;306;720;cell@
1638347051302.jpg;694;683;802;674;805;716;698;725;cell@
1638347051302.jpg;188;176;274;169;276;208;191;215;cell@
1638347051302.jpg;808;755;916;745;921;788;812;797;cell@
1638347051302.jpg;757;203;860;193;865;233;760;241;cell@
1638347051302.jpg;786;513;892;504;896;545;789;554;cell@
1638347051302.jpg;87;224;191;214;193;254;88;262;cell@
1638347051302.jpg;907;664;1014;655;1018;695;911;705;cell@
1638347051302.jpg;852;117;955;109;959;148;856;156;cell@
1638347051302.jpg;507;783;595;775;598;817;509;825;cell@
1638347051302.jpg;310;801;400;793;403;835;313;844;cell@
1638347051302.jpg;1119;644;1207;636;1211;678;1124;686;cell@
1638347051302.jpg;402;834;510;824;514;866;404;877;cell@
1638347051302.jpg;584;653;691;642;695;684;587;694;cell@
1638347051302.jpg;194;291;280;283;283;323;196;331;cell@
1638347051302.jpg;871;309;975;299;980;339;875;347;cell@
1638347051302.jpg;991;454;1097;445;1101;486;996;495;cell@
1638347051302.jpg;673;444;779;435;783;474;677;484;cell@
1638347051302.jpg;462;190;548;183;551;222;465;230;cell@
1638347051302.jpg;653;211;758;203;761;241;657;251;cell@
1638347051302.jpg;701;765;809;755;813;797;704;807;cell@
1638347051302.jpg;1133;767;1221;759;1227;800;1138;808;cell@
1638347051302.jpg;1013;655;1120;644;1125;686;1017;695;cell@
1638347051302.jpg;99;496;206;486;208;527;102;536;cell@
1638347051302.jpg;115;819;224;809;226;852;117;861;cell@
1638347051302.jpg;88;261;193;253;196;292;90;301;cell@
1638347051302.jpg;859;193;963;184;967;223;864;233;cell@
1638347051302.jpg;297;558;383;550;387;591;298;599;cell@
1638347051302.jpg;471;305;557;297;560;337;474;345;cell@
1638347051302.jpg;915;745;1023;735;1027;777;920;788;cell@
1638347051302.jpg;911;704;1018;694;1023;736;915;746;cell@
1638347051302.jpg;315;884;405;876;409;919;319;926;cell@
1638347051302.jpg;509;824;598;816;601;858;513;866;cell@
1638347051302.jpg;468;266;554;259;558;298;471;306;cell@
1638347051302.jpg;211;606;299;598;302;638;214;646;cell@
1638347051302.jpg;198;368;285;361;288;400;201;408;cell@
1638347051302.jpg;1100;485;1187;477;1193;518;1105;525;cell@
1638347051302.jpg;587;693;695;683;699;725;591;735;cell@
1638347051302.jpg;1074;252;1159;244;1164;283;1078;290;cell@
1638347051302.jpg;966;222;1071;213;1074;252;971;261;cell@
1638347051302.jpg;764;279;868;270;872;309;767;318;cell@
1638347051302.jpg;1000;534;1106;524;1111;565;1005;575;cell@
1638347051302.jpg;1026;776;1134;766;1139;808;1031;819;cell@
1638347051302.jpg;815;837;924;828;929;870;820;880;cell@
1638347051302.jpg;121;944;230;934;233;977;123;987;cell@
1638347051302.jpg;923;828;1032;818;1036;860;928;870;cell@
1638347051302.jpg;1061;137;1146;130;1150;169;1066;176;cell@
1638347051302.jpg;477;383;563;375;566;415;479;423;cell@
1638347051302.jpg;547;183;651;173;654;212;550;222;cell@
1638347051302.jpg;501;701;588;693;592;735;503;743;cell@
1638347051302.jpg;591;734;698;724;702;766;594;776;cell@
1638347051302.jpg;864;232;967;222;972;261;867;271;cell@
1638347051302.jpg;515;907;605;899;608;942;519;950;cell@
1638347051302.jpg;474;344;560;336;564;376;477;384;cell@
1638347051302.jpg;793;593;900;583;904;624;797;634;cell@
1638347051302.jpg;771;356;876;347;880;387;774;396;cell@
1638347051302.jpg;356;162;461;152;463;191;359;200;cell@
1638347051302.jpg;1105;524;1192;517;1197;557;1110;565;cell@
1638347051302.jpg;393;711;501;701;504;743;396;753;cell@
1638347051302.jpg;597;817;705;806;709;849;600;858;cell@
1638347051302.jpg;90;300;195;291;197;331;92;340;cell@
1638347051302.jpg;690;643;798;633;802;675;694;684;cell@
1638347051302.jpg;216;686;304;678;307;720;218;728;cell@
1638347051302.jpg;1110;564;1197;556;1202;597;1115;605;cell@
1638347051302.jpg;365;276;469;266;472;306;367;315;cell@
1638347051302.jpg;386;590;492;580;495;621;388;631;cell@
1638347051302.jpg;95;417;202;407;203;447;98;457;cell@
1638347051302.jpg;284;361;371;353;373;393;287;400;cell@
1638347051302.jpg;667;366;772;356;775;396;670;405;cell@
1638347051302.jpg;1124;685;1211;677;1217;719;1128;727;cell@
1638347051302.jpg;604;899;713;889;717;931;607;942;cell@
1638347051302.jpg;774;395;880;386;884;426;779;436;cell@
1638347051302.jpg;753;165;857;155;860;194;757;204;cell@
1638347051302.jpg;292;478;378;470;381;511;294;519;cell@
1638347051302.jpg;903;623;1010;614;1014;656;907;665;cell@
1638347051302.jpg;1143;849;1231;840;1237;883;1147;892;cell@
1638347051302.jpg;1115;604;1201;596;1207;637;1119;645;cell@
1638347051302.jpg;556;297;661;288;665;328;559;337;cell@
1638347051302.jpg;581;612;688;603;692;643;584;654;cell@
1638347051302.jpg;1017;694;1125;685;1129;727;1022;736;cell@
1638347051302.jpg;958;147;1062;137;1067;176;963;185;cell@
1638347051302.jpg;192;253;278;245;280;284;195;292;cell@
1638347051302.jpg;287;399;373;392;376;432;289;440;cell@
1638347051302.jpg;670;404;775;395;780;436;673;444;cell@
1638347051302.jpg;225;851;314;843;316;885;228;893;cell@
1638347051302.jpg;408;918;516;907;520;950;410;960;cell@
1638347051302.jpg;370;353;475;344;478;384;372;393;cell@
1638347051302.jpg;1128;726;1217;718;1221;760;1133;768;cell@
1638347051302.jpg;782;474;888;464;892;505;786;514;cell@
1638347051302.jpg;812;796;921;787;924;829;816;838;cell@
1638347051302.jpg;760;240;864;232;868;271;764;280;cell@
1638347051302.jpg;229;934;320;925;322;968;232;977;cell@
1638347051302.jpg;879;386;984;377;989;416;883;426;cell@
1638347051302.jpg;856;155;959;147;963;185;859;194;cell@
1638347051302.jpg;485;501;573;493;575;533;489;541;cell@
1638347051302.jpg;294;518;381;510;383;551;297;559;cell@
1638347051302.jpg;680;523;787;513;790;554;684;564;cell@
1638347051302.jpg;660;288;765;279;768;318;664;328;cell@
1638347051302.jpg;210;566;297;558;299;599;211;607;cell@
1638347051302.jpg;1096;445;1182;438;1188;478;1100;486;cell@
1638347051302.jpg;1022;735;1129;726;1134;767;1026;777;cell@
1638347051302.jpg;963;184;1066;175;1071;214;966;223;cell@
1638347051302.jpg;767;317;872;308;876;347;771;357;cell@
1638347051302.jpg;103;575;210;566;212;606;105;616;cell@
1638347051302.jpg;479;422;566;414;570;454;483;462;cell@
1638347051302.jpg;920;787;1027;776;1032;819;923;829;cell@
1638347051302.jpg;277;245;363;237;366;277;279;284;cell@
1638347051302.jpg;1056;100;1141;92;1146;131;1061;138;cell@
1638347051302.jpg;1035;859;1144;849;1148;892;1040;902;cell@
1638347051302.jpg;102;535;208;526;210;567;103;576;cell@
1638347051302.jpg;883;425;988;415;992;455;887;465;cell@
1638347051302.jpg;489;540;575;532;579;573;491;581;cell@
1638347051302.jpg;1070;213;1155;206;1159;245;1074;253;cell@
1638347051302.jpg;572;493;678;483;681;524;575;534;cell@
1638347051302.jpg;84;186;1141;92;1237;883;123;987;table@1
