1638347145480.jpg;99;246;146;242;148;255;100;261;@86.69
1638347145480.jpg;212;231;251;227;252;246;215;250;@µ‘≥…
1638347145480.jpg;317;223;375;217;375;231;319;238;@151.27
1638347145480.jpg;413;213;469;207;471;221;413;227;@134.22
1638347145480.jpg;507;203;545;199;546;214;509;217;@80.2
1638347145480.jpg;582;192;678;182;679;201;584;211;@ŒÂ≤ ≥¥…ﬂÀø
1638347145480.jpg;725;180;781;174;783;188;726;194;@338.39
1638347145480.jpg;838;168;895;162;896;176;840;182;@156.44
1638347145480.jpg;942;157;989;152;991;166;943;171;@72.24
1638347145480.jpg;1036;144;1092;138;1094;157;1038;163;@Ï¿∫Ã≥Ê
1638347145480.jpg;1149;135;1187;131;1189;146;1151;149;@23.6
1638347145480.jpg;1262;123;1299;119;1301;133;1264;137;@90.6
1638347145480.jpg;1346;114;1403;108;1404;122;1349;128;@113.54
1638347145480.jpg;102;285;149;279;150;294;102;299;@33.83
1638347145480.jpg;206;273;254;269;255;283;208;288;@59.69
1638347145480.jpg;320;259;378;252;379;272;322;277;@ÕıÊ√Ê√
1638347145480.jpg;435;249;454;247;455;262;436;264;@83
1638347145480.jpg;501;240;558;233;560;252;503;259;@ΩØ–„‘∆
1638347145480.jpg;615;230;653;226;654;241;616;244;@9.13
1638347145480.jpg;729;218;776;213;777;227;731;233;@45.23
1638347145480.jpg;842;206;890;201;892;216;844;220;@56.35
1638347145480.jpg;956;193;993;190;995;204;957;208;@35.7
1638347145480.jpg;1040;182;1097;176;1100;195;1043;201;@≥Ã–„√∑
1638347145480.jpg;1144;171;1201;165;1203;184;1146;191;@Œ‚ Á’‰
1638347145480.jpg;1258;162;1314;156;1316;170;1259;176;@547.46
1638347145480.jpg;1351;152;1408;146;1410;160;1354;167;@419.82
1638347145480.jpg;104;323;161;317;162;332;105;338;@155.49
1638347145480.jpg;209;312;257;307;257;322;210;327;@27.88
1638347145480.jpg;333;296;371;292;373;310;334;314;@ Ø±Û
1638347145480.jpg;428;289;467;285;467;300;429;304;@70.8
1638347145480.jpg;504;280;561;274;563;289;506;295;@262.26
1638347145480.jpg;609;270;657;265;658;279;610;284;@50.08
1638347145480.jpg;742;252;780;248;782;268;744;272;@¬¿√∑
1638347145480.jpg;846;242;903;236;905;254;848;261;@π–„√∑
1638347145480.jpg;941;231;1016;223;1018;243;943;250;@∫Ωø’Ω˚‘À
1638347145480.jpg;1045;220;1102;215;1104;234;1047;240;@∑Îπ”¢
1638347145480.jpg;1149;212;1205;206;1208;220;1151;226;@124.99
1638347145480.jpg;1262;197;1318;192;1322;210;1265;217;@’Áπ’‰
1638347145480.jpg;1366;189;1403;185;1406;199;1368;203;@3.23
1638347145480.jpg;116;358;154;354;155;374;118;378;@¥˜—Û
1638347145480.jpg;212;351;260;345;261;360;213;366;@32.29
1638347145480.jpg;326;336;384;330;385;349;327;355;@∑Î¿ˆ¿ˆ
1638347145480.jpg;432;328;470;323;471;338;433;343;@0.86
1638347145480.jpg;518;318;555;314;557;329;519;333;@3.23
1638347145480.jpg;613;308;661;304;661;317;614;323;@59.97
1638347145480.jpg;736;295;793;289;795;304;738;309;@824.22
1638347145480.jpg;859;279;898;274;900;294;861;298;@Õı”¢
1638347145480.jpg;964;268;1001;264;1005;283;966;287;@’≈≥©
1638347145480.jpg;1068;260;1087;257;1089;272;1070;273;@58
1638347145480.jpg;1163;246;1200;243;1203;262;1166;266;@¡ı—Ù
1638347145480.jpg;1277;235;1314;230;1317;249;1279;253;@–Ï”¬
1638347145480.jpg;1372;227;1409;223;1411;238;1373;242;@11.7
1638347145480.jpg;119;400;148;397;148;412;120;415;@0.9
1638347145480.jpg;215;390;262;385;264;399;216;404;@82.19
1638347145480.jpg;339;377;368;374;369;389;340;391;@0.8
1638347145480.jpg;425;364;483;358;484;378;427;384;@∫Ó–„‘∆
1638347145480.jpg;520;354;559;350;560;370;523;374;@Ω™Ω‡
1638347145480.jpg;626;345;664;342;666;356;628;360;@90.6
1638347145480.jpg;749;330;788;326;790;345;751;349;@ª∆√˜
1638347145480.jpg;874;319;893;317;894;332;875;334;@43
1638347145480.jpg;959;307;1016;302;1018;321;961;327;@ª∆Ω∑Ô
1638347145480.jpg;1053;297;1111;291;1113;310;1056;316;@ª∆Ω∑Ô
1638347145480.jpg;1178;287;1197;285;1198;300;1180;302;@76
1638347145480.jpg;1281;273;1319;269;1322;288;1284;292;@≥¬≤®
1638347145480.jpg;1376;263;1414;259;1416;278;1379;282;@’‘¡¡
1638347145480.jpg;131;439;150;437;152;451;132;453;@90
1638347145480.jpg;217;426;275;420;276;440;218;446;@Ã∆¿ˆæÍ
1638347145480.jpg;333;414;390;407;391;427;334;434;@∫Œ Áª™
1638347145480.jpg;428;406;486;400;488;415;430;421;@890004
1638347145480.jpg;524;393;562;390;564;408;526;413;@≈À”¢
1638347145480.jpg;610;384;687;376;689;395;612;403;@¿÷¥””„∏Ø
1638347145480.jpg;745;373;801;366;803;381;745;388;@600.02
1638347145480.jpg;859;357;915;351;917;371;861;377;@∫Ó–„‘∆
1638347145480.jpg;963;346;1021;340;1023;359;965;366;@Œ‚Ω®ª™
1638347145480.jpg;1059;339;1116;333;1117;347;1060;353;@423943
1638347145480.jpg;1173;324;1211;320;1213;339;1175;344;@π˘≥¨
1638347145480.jpg;1278;315;1324;310;1327;325;1279;330;@55.98
1638347145480.jpg;1372;303;1428;296;1432;315;1374;322;@ª∆Ω∑Ô
1638347145480.jpg;114;476;172;470;173;490;115;496;@≥¬–°∫Ï
1638347145480.jpg;220;468;279;462;279;477;221;483;@155.21
1638347145480.jpg;336;453;394;447;395;466;337;472;@¡ı–„»Ÿ
1638347145480.jpg;442;445;479;441;481;455;443;459;@0.98
1638347145480.jpg;528;436;566;431;567;446;529;450;@91.9
1638347145480.jpg;624;425;681;419;683;434;625;440;@152.62
1638347145480.jpg;758;410;796;406;797;421;759;425;@91.9
1638347145480.jpg;863;396;920;390;922;410;865;416;@¬¿¥∫√∑
1638347145480.jpg;977;384;1015;380;1017;399;979;403;@’≈æß
1638347145480.jpg;1082;376;1102;374;1103;389;1085;390;@63
1638347145480.jpg;1177;362;1215;358;1218;378;1179;382;@’‘ø°
1638347145480.jpg;1282;354;1330;349;1332;364;1284;369;@75.18
1638347145480.jpg;1377;342;1434;335;1437;354;1380;360;@ ¢π÷•
1638347145480.jpg;117;516;175;510;176;530;118;536;@ÕÚ–„’‰
1638347145480.jpg;223;505;280;499;283;518;225;525;@¿ÓΩ®æ¸
1638347145480.jpg;348;491;387;487;388;507;350;511;@—Ó√˜
1638347145480.jpg;444;481;483;477;484;496;447;501;@–Ï¿˚
1638347145480.jpg;531;471;570;467;571;487;533;491;@÷ÏŒƒ
1638347145480.jpg;627;461;685;455;686;474;629;481;@∂°—©√∑
1638347145480.jpg;762;447;799;443;802;462;764;466;@≥¬Àß
1638347145480.jpg;867;439;915;434;917;448;869;453;@32.19
1638347145480.jpg;972;424;1029;418;1031;438;975;444;@’≈π÷•
1638347145480.jpg;1087;415;1106;413;1108;428;1089;430;@69
1638347145480.jpg;1173;405;1220;400;1222;415;1175;420;@11.29
1638347145480.jpg;1287;393;1345;387;1346;401;1290;408;@118.17
1638347145480.jpg;1382;383;1440;377;1442;391;1385;397;@613373
1638347145480.jpg;129;555;168;551;169;571;131;575;@≥£¡÷
1638347145480.jpg;236;544;275;539;276;559;237;563;@’≈‘∆
1638347145480.jpg;342;535;400;529;401;544;343;550;@233.51
1638347145480.jpg;448;521;486;516;488;535;450;539;@¡ı¿⁄
1638347145480.jpg;534;514;573;510;575;525;536;529;@85.5
1638347145480.jpg;631;501;688;494;690;514;633;521;@¡÷–„√∑
1638347145480.jpg;756;490;814;484;815;499;758;505;@482.23
1638347145480.jpg;871;475;929;468;931;488;873;494;@Ï¿∫Ã≥Ê
1638347145480.jpg;996;464;1015;462;1016;477;997;479;@79
1638347145480.jpg;1082;455;1111;452;1113;466;1084;469;@1.0
1638347145480.jpg;1178;445;1226;440;1227;454;1179;459;@12.85
1638347145480.jpg;1302;428;1340;424;1343;443;1304;447;@Õı∂´
1638347145480.jpg;1398;421;1435;417;1438;432;1399;436;@13.4
1638347145480.jpg;142;597;161;595;162;610;142;612;@75
1638347145480.jpg;229;587;277;582;279;597;230;602;@40.76
1638347145480.jpg;344;572;403;566;404;585;347;592;@Œ‚–„∑º
1638347145480.jpg;442;564;490;559;492;574;443;579;@70.54
1638347145480.jpg;528;552;586;546;588;566;530;572;@–Ìπ’‰
1638347145480.jpg;635;540;692;534;695;554;636;560;@¿±◊”º¶
1638347145480.jpg;769;526;808;522;810;542;771;546;@÷Ï∂´
1638347145480.jpg;895;515;914;513;915;528;896;530;@57
1638347145480.jpg;991;503;1029;499;1031;517;993;522;@—Ù∑…
1638347145480.jpg;1076;492;1134;486;1137;506;1079;512;@∫Ó–„‘∆
1638347145480.jpg;1163;483;1259;472;1261;492;1166;503;@¥Û¡º≥¥≈£ƒÃ
1638347145480.jpg;1307;467;1345;463;1348;483;1309;487;@œÚƒ»
1638347145480.jpg;1412;459;1432;457;1433;472;1414;474;@59
1638347145480.jpg;125;636;184;629;185;649;126;656;@¬¿”Ò√∑
1638347145480.jpg;231;624;290;618;291;638;233;644;@¥Œ»’¥Ô
1638347145480.jpg;348;615;407;608;407;623;350;629;@100889
1638347145480.jpg;454;600;493;596;495;616;456;620;@’‘Ÿª
1638347145480.jpg;532;595;581;589;582;604;533;610;@267.7
1638347145480.jpg;638;580;696;574;698;594;640;600;@–ª”Ò”¢
1638347145480.jpg;764;570;812;564;814;579;765;585;@68.58
1638347145480.jpg;880;557;938;551;939;566;881;572;@154844
1638347145480.jpg;995;545;1034;540;1036;555;997;559;@0.95
1638347145480.jpg;1081;532;1139;526;1141;546;1084;552;@Œ‚”Ò√∑
1638347145480.jpg;1187;521;1245;514;1247;534;1190;541;@ ©πª®
1638347145480.jpg;1312;510;1350;506;1353;521;1314;525;@0.94
1638347145480.jpg;1408;497;1445;492;1448;511;1410;515;@ÀÔΩ®
1638347145480.jpg;127;678;186;672;188;687;129;694;@110.27
1638347145480.jpg;235;667;284;662;284;677;235;682;@26.02
1638347145480.jpg;342;652;419;644;421;664;343;672;@ŒﬁŒ™—¨—º
1638347145480.jpg;458;640;497;636;498;656;459;660;@¿Ë—Ó
1638347145480.jpg;536;634;584;629;585;644;537;649;@93.78
1638347145480.jpg;642;623;700;617;702;632;644;638;@147.47
1638347145480.jpg;778;608;816;604;818;619;779;623;@7.42
1638347145480.jpg;874;595;951;587;953;606;876;615;@¿∞Œ∂∫œ’Ù
1638347145480.jpg;999;584;1038;580;1040;595;1001;599;@9.32
1638347145480.jpg;1086;572;1144;566;1146;586;1089;592;@’≈¿ˆ¿ˆ
1638347145480.jpg;1192;560;1250;554;1252;574;1194;580;@∞◊◊∆œ∫
1638347145480.jpg;1307;548;1365;542;1367;561;1309;568;@«ÿπ’‰
1638347145480.jpg;1404;540;1461;534;1463;549;1406;555;@364.52
1638347145480.jpg;131;719;179;714;180;729;131;734;@70.25
1638347145480.jpg;238;708;296;701;297;716;239;723;@780.87
1638347145480.jpg;364;690;403;686;405;707;366;711;@—Ó¿˚
1638347145480.jpg;451;681;510;674;511;695;454;702;@Õı–„¿º
1638347145480.jpg;539;671;598;665;599;685;541;692;@ΩØ–„‘∆
1638347145480.jpg;656;662;694;658;696;672;657;677;@0.97
1638347145480.jpg;753;648;849;638;851;658;754;668;@«Â’ÙŒ‰≤˝”„
1638347145480.jpg;888;634;946;627;948;647;890;654;@∏ πœ„
1638347145480.jpg;995;625;1042;620;1045;635;996;640;@50.04
1638347145480.jpg;1101;611;1139;606;1142;626;1103;631;@∫ŒœÎ
1638347145480.jpg;1187;601;1264;593;1267;613;1189;621;@∫Ωø’Ω˚‘À
1638347145480.jpg;1313;591;1361;585;1363;600;1314;606;@82.26
1638347145480.jpg;1409;580;1457;575;1459;590;1411;595;@68.79
1638347145480.jpg;143;759;181;754;183;770;144;774;@79.7
1638347145480.jpg;260;745;280;743;280;759;262;761;@88
1638347145480.jpg;367;734;406;730;408;745;369;749;@4.58
1638347145480.jpg;455;724;514;718;515;733;457;739;@169.33
1638347145480.jpg;542;715;591;710;593;725;544;730;@189.6
1638347145480.jpg;659;700;698;695;700;715;662;719;@Ã’—Û
1638347145480.jpg;786;685;825;681;827;702;788;706;@‘¯¿Ú
1638347145480.jpg;892;676;950;670;953;685;894;692;@141.24
1638347145480.jpg;999;665;1048;660;1049;675;1000;680;@14.92
1638347145480.jpg;1115;652;1134;650;1137;665;1117;667;@60
1638347145480.jpg;1201;640;1260;634;1262;654;1204;660;@Õıπ∑º
1638347145480.jpg;1318;630;1366;625;1368;640;1320;645;@104.1
1638347145480.jpg;1415;620;1472;614;1474;629;1416;635;@646537
1638347145480.jpg;136;800;185;794;186;810;136;816;@25.18
1638347145480.jpg;243;785;302;779;304;799;245;806;@”ŒΩ®π˙
1638347145480.jpg;361;776;419;769;421;784;362;791;@251.84
1638347145480.jpg;458;765;517;759;518;774;460;780;@799.29
1638347145480.jpg;556;751;595;747;597;768;557;772;@Œ∫æß
1638347145480.jpg;663;742;702;738;703;753;665;758;@66.9
1638347145480.jpg;780;727;838;720;840;740;782;747;@∂´∆¬»‚
1638347145480.jpg;897;717;945;712;947;727;898;732;@70.78
1638347145480.jpg;1003;703;1061;696;1063;716;1006;723;@…€π∑º
1638347145480.jpg;1110;694;1149;689;1151;705;1112;709;@1.62
1638347145480.jpg;1217;679;1255;675;1257;694;1219;699;@ÀÔΩ®
1638347145480.jpg;1323;667;1381;661;1384;681;1325;687;@¿Ó–„ª™
1638347145480.jpg;1429;656;1468;652;1470;671;1431;676;@¬Ìµ§
1638347145480.jpg;138;842;188;835;188;851;140;856;@898.1
1638347145480.jpg;246;826;305;820;307;840;247;847;@’≈–„’‰
1638347145480.jpg;364;816;413;811;414;826;365;831;@96.73
1638347145480.jpg;462;803;521;796;522;817;463;823;@’≈¿ˆ¿ˆ
1638347145480.jpg;550;796;608;789;610;805;551;812;@161.79
1638347145480.jpg;657;781;716;775;718;795;659;801;@’≈π¿º
1638347145480.jpg;793;766;833;762;835;782;795;786;@π»µ§
1638347145480.jpg;911;757;950;752;951;768;912;772;@1.36
1638347145480.jpg;998;744;1076;735;1078;756;1000;764;@∂´∞≤◊”º¶
1638347145480.jpg;1106;735;1153;730;1156;745;1107;750;@190.0
1638347145480.jpg;1212;724;1270;717;1272;732;1214;738;@613373
1638347145480.jpg;1328;711;1377;706;1379;721;1330;726;@95.38
1638347145480.jpg;1435;699;1474;695;1475;710;1436;714;@95.8
1638347145480.jpg;141;879;200;872;202;893;142;899;@¬Ω∑Ô”¢
1638347145480.jpg;249;867;308;861;310;881;250;888;@∫˙∫£—‡
1638347145480.jpg;367;857;417;852;417;867;369;872;@15.97
1638347145480.jpg;465;844;524;837;526;857;467;864;@¿Ó Á”¢
1638347145480.jpg;554;833;612;827;613;848;555;854;@‘≠π”¢
1638347145480.jpg;661;825;720;819;722;834;663;840;@316.39
1638347145480.jpg;798;810;837;806;839;821;799;825;@86.3
1638347145480.jpg;905;798;954;793;956;808;907;814;@31.97
1638347145480.jpg;1012;786;1071;780;1073;795;1014;801;@533.95
1638347145480.jpg;1110;773;1168;767;1170;786;1112;793;@ÏÀ¥Û˜≠
1638347145480.jpg;1217;764;1266;759;1268;774;1219;779;@736.7
1638347145480.jpg;1323;749;1401;740;1404;761;1326;770;@≥¥ÀÆ…ﬂ∆¨
1638347145480.jpg;1430;740;1479;735;1481;750;1433;756;@62.45
1638347145480.jpg;143;923;193;918;195;934;145;939;@95.93
1638347145480.jpg;253;909;311;901;312;922;254;928;@≥¬πª®
1638347145480.jpg;390;896;410;894;410;909;392;911;@44
1638347145480.jpg;469;888;527;881;529;896;470;902;@401.59
1638347145480.jpg;557;878;616;871;617;887;559;893;@367.86
1638347145480.jpg;665;866;724;859;726;874;666;882;@177.13
1638347145480.jpg;802;851;842;847;843;862;803;866;@47.0
1638347145480.jpg;929;836;949;834;951;850;931;852;@71
1638347145480.jpg;1036;825;1056;823;1058;838;1038;840;@66
1638347145480.jpg;1134;814;1154;812;1155;827;1137;829;@87
1638347145480.jpg;1222;805;1271;799;1273;815;1224;820;@46.36
1638347145480.jpg;1339;792;1397;785;1399;800;1340;807;@761615
1638347145480.jpg;1446;780;1485;776;1487;791;1448;795;@40.5
1638347145480.jpg;147;965;196;960;197;975;148;980;@96.96
1638347145480.jpg;255;949;314;943;315;964;257;970;@¬Ω∑Ô”¢
1638347145480.jpg;383;939;423;935;425;949;385;954;@23.6
1638347145480.jpg;482;927;522;923;523;939;483;943;@23.6
1638347145480.jpg;560;919;620;913;622;928;562;935;@406746
1638347145480.jpg;668;903;727;897;729;918;671;924;@’≈¿ˆ¿ˆ
1638347145480.jpg;806;892;846;888;847;903;808;908;@80.2
1638347145480.jpg;914;877;973;870;975;891;916;897;@≈·¥∫√∑
1638347145480.jpg;1022;868;1070;863;1072;879;1023;884;@95.38
1638347145480.jpg;1119;857;1168;852;1171;867;1122;872;@98.77
1638347145480.jpg;1227;846;1275;840;1278;856;1229;861;@27.06
1638347145480.jpg;1354;831;1393;827;1395;843;1355;847;@31.8
1638347145480.jpg;1441;822;1500;816;1502;831;1444;837;@661438
1638347145480.jpg;150;1003;208;996;210;1017;151;1024;@øæ»È÷Ì
1638347145480.jpg;238;993;337;982;339;1003;240;1014;@À≥µ¬≤›”„≥¶
1638347145480.jpg;376;978;436;971;438;992;378;998;@’≈”Ò”¢
1638347145480.jpg;495;968;515;966;516;981;496;983;@67
1638347145480.jpg;574;956;613;952;615;972;576;977;@Õı”Ó
1638347145480.jpg;673;945;731;939;733;960;675;966;@∂´∆¬»‚
1638347145480.jpg;800;935;860;927;861;943;802;950;@392.71
1638347145480.jpg;918;918;977;912;979;932;920;939;@¬Ω–„¿º
1638347145480.jpg;1036;906;1075;900;1077;921;1039;925;@µ•¿⁄
1638347145480.jpg;1144;896;1163;894;1166;910;1146;912;@89
1638347145480.jpg;1232;887;1281;881;1283;896;1234;902;@50.79
1638347145480.jpg;1349;870;1408;864;1411;885;1352;891;@–Ìπ’‰
1638347145480.jpg;1447;863;1495;857;1498;872;1449;879;@42.42
1638347145480.jpg;1403;647;1491;638;1497;679;1409;688;cell@
1638347145480.jpg;1099;804;1187;794;1192;835;1103;846;cell@
1638347145480.jpg;695;208;818;195;822;234;698;247;cell@
1638347145480.jpg;1071;563;1158;553;1162;594;1075;603;cell@
1638347145480.jpg;121;787;209;778;212;820;123;829;cell@
1638347145480.jpg;84;234;171;225;173;265;86;273;cell@
1638347145480.jpg;1105;126;1228;113;1234;152;1110;165;cell@
1638347145480.jpg;1172;672;1298;659;1303;701;1177;714;cell@
1638347145480.jpg;483;192;568;183;572;222;486;231;cell@
1638347145480.jpg;942;377;1049;366;1053;405;947;417;cell@
1638347145480.jpg;596;493;722;480;726;520;600;534;cell@
1638347145480.jpg;626;815;753;800;758;843;629;856;cell@
1638347145480.jpg;545;907;634;896;638;939;548;948;cell@
1638347145480.jpg;1302;700;1409;687;1415;729;1307;740;cell@
1638347145480.jpg;1233;151;1337;140;1342;179;1237;191;cell@
1638347145480.jpg;410;355;496;346;501;386;413;395;cell@
1638347145480.jpg;456;916;546;906;549;948;460;958;cell@
1638347145480.jpg;1084;682;1173;672;1178;714;1089;724;cell@
1638347145480.jpg;128;911;218;900;221;943;131;952;cell@
1638347145480.jpg;492;307;579;298;583;338;496;347;cell@
1638347145480.jpg;426;552;514;542;518;583;429;593;cell@
1638347145480.jpg;1414;728;1502;718;1508;760;1420;770;cell@
1638347145480.jpg;407;316;493;307;497;347;410;356;cell@
1638347145480.jpg;830;310;935;299;939;339;834;350;cell@
1638347145480.jpg;863;625;969;614;975;654;867;666;cell@
1638347145480.jpg;721;480;847;466;851;507;725;521;cell@
1638347145480.jpg;752;800;881;786;885;828;757;843;cell@
1638347145480.jpg;698;246;822;233;826;273;702;286;cell@
1638347145480.jpg;1312;780;1421;769;1426;810;1318;822;cell@
1638347145480.jpg;305;367;411;355;414;395;308;406;cell@
1638347145480.jpg;952;455;1057;444;1062;484;956;495;cell@
1638347145480.jpg;191;537;317;524;321;564;194;578;cell@
1638347145480.jpg;1110;164;1234;151;1238;190;1115;203;cell@
1638347145480.jpg;175;303;299;289;302;329;177;342;cell@
1638347145480.jpg;946;416;1053;404;1057;445;952;456;cell@
1638347145480.jpg;1177;713;1303;700;1308;740;1181;754;cell@
1638347145480.jpg;842;427;947;416;953;456;846;467;cell@
1638347145480.jpg;876;746;983;734;988;776;880;787;cell@
1638347145480.jpg;817;195;922;184;927;223;821;235;cell@
1638347145480.jpg;1318;821;1426;809;1431;851;1323;863;cell@
1638347145480.jpg;460;957;549;947;553;990;463;1000;cell@
1638347145480.jpg;709;362;835;349;839;390;714;402;cell@
1638347145480.jpg;1089;723;1177;713;1182;754;1094;764;cell@
1638347145480.jpg;765;923;893;910;898;951;769;966;cell@
1638347145480.jpg;314;484;420;472;424;513;316;525;cell@
1638347145480.jpg;964;574;1072;562;1076;603;968;615;cell@
1638347145480.jpg;183;419;309;405;312;446;186;459;cell@
1638347145480.jpg;960;534;1066;523;1072;563;964;575;cell@
1638347145480.jpg;813;157;918;146;922;185;817;196;cell@
1638347145480.jpg;575;260;699;246;703;286;578;299;cell@
1638347145480.jpg;888;868;996;856;1002;898;892;911;cell@
1638347145480.jpg;1056;444;1144;435;1149;474;1061;484;cell@
1638347145480.jpg;194;577;320;563;324;604;197;618;cell@
1638347145480.jpg;974;654;1081;642;1085;683;978;695;cell@
1638347145480.jpg;850;506;957;494;961;535;855;547;cell@
1638347145480.jpg;578;298;703;285;706;325;582;338;cell@
1638347145480.jpg;319;563;427;552;430;593;323;604;cell@
1638347145480.jpg;1323;862;1431;850;1437;892;1328;904;cell@
1638347145480.jpg;1252;305;1357;293;1362;333;1257;344;cell@
1638347145480.jpg;714;401;839;389;843;428;717;442;cell@
1638347145480.jpg;419;472;507;463;510;504;423;513;cell@
1638347145480.jpg;1148;474;1273;460;1278;501;1152;514;cell@
1638347145480.jpg;317;524;424;512;427;553;320;564;cell@
1638347145480.jpg;509;503;597;493;601;534;513;544;cell@
1638347145480.jpg;968;614;1076;602;1081;643;974;655;cell@
1638347145480.jpg;203;697;330;683;333;724;205;738;cell@
1638347145480.jpg;530;742;619;733;623;775;535;784;cell@
1638347145480.jpg;446;793;535;783;539;825;449;834;cell@
1638347145480.jpg;995;857;1104;845;1109;887;1001;898;cell@
1638347145480.jpg;589;415;715;401;718;442;593;455;cell@
1638347145480.jpg;1346;217;1432;207;1437;246;1351;256;cell@
1638347145480.jpg;1388;528;1474;519;1481;559;1393;569;cell@
1638347145480.jpg;821;234;927;222;931;262;825;273;cell@
1638347145480.jpg;416;434;504;424;507;464;420;473;cell@
1638347145480.jpg;892;910;1002;897;1006;940;897;952;cell@
1638347145480.jpg;397;201;484;192;487;231;400;241;cell@
1638347145480.jpg;1408;687;1497;678;1502;719;1414;729;cell@
1638347145480.jpg;607;613;733;599;738;640;610;653;cell@
1638347145480.jpg;1114;202;1238;189;1243;228;1119;242;cell@
1638347145480.jpg;211;819;340;805;343;847;215;861;cell@
1638347145480.jpg;1361;332;1447;323;1453;362;1366;372;cell@
1638347145480.jpg;582;337;706;324;711;363;585;377;cell@
1638347145480.jpg;1292;619;1399;608;1404;648;1297;660;cell@
1638347145480.jpg;97;428;183;419;187;459;99;468;cell@
1638347145480.jpg;1128;317;1252;305;1258;344;1133;357;cell@
1638347145480.jpg;615;693;742;679;746;720;618;734;cell@
1638347145480.jpg;592;454;718;441;722;481;596;494;cell@
1638347145480.jpg;1425;810;1514;799;1519;842;1430;851;cell@
1638347145480.jpg;825;272;931;261;935;300;830;311;cell@
1638347145480.jpg;1256;344;1362;332;1367;372;1262;383;cell@
1638347145480.jpg;1227;113;1332;102;1337;141;1233;152;cell@
1638347145480.jpg;1108;886;1198;876;1202;918;1113;928;cell@
1638347145480.jpg;1042;327;1129;317;1134;357;1048;367;cell@
1638347145480.jpg;1124;279;1248;266;1253;306;1128;318;cell@
1638347145480.jpg;301;328;408;316;411;356;305;368;cell@
1638347145480.jpg;104;547;192;537;195;578;107;587;cell@
1638347145480.jpg;126;869;215;859;218;901;128;912;cell@
1638347145480.jpg;88;311;176;302;178;342;92;351;cell@
1638347145480.jpg;603;573;730;559;734;600;607;614;cell@
1638347145480.jpg;1038;288;1125;279;1129;318;1043;328;cell@
1638347145480.jpg;1242;227;1346;217;1352;255;1247;267;cell@
1638347145480.jpg;1137;395;1263;382;1268;422;1143;436;cell@
1638347145480.jpg;1307;739;1415;728;1421;770;1313;781;cell@
1638347145480.jpg;1237;190;1342;178;1346;217;1242;228;cell@
1638347145480.jpg;571;221;695;208;699;247;575;261;cell@
1638347145480.jpg;1133;356;1257;344;1263;383;1138;396;cell@
1638347145480.jpg;500;385;586;376;590;416;503;425;cell@
1638347145480.jpg;520;622;608;613;611;653;524;663;cell@
1638347145480.jpg;548;947;638;938;642;980;552;990;cell@
1638347145480.jpg;433;632;521;622;525;663;436;672;cell@
1638347145480.jpg;1157;553;1282;539;1288;580;1162;594;cell@
1638347145480.jpg;1331;102;1416;93;1422;132;1336;141;cell@
1638347145480.jpg;838;389;943;377;948;417;842;428;cell@
1638347145480.jpg;729;559;855;546;859;586;733;600;cell@
1638347145480.jpg;761;883;889;868;893;911;765;924;cell@
1638347145480.jpg;705;324;831;310;835;350;710;363;cell@
1638347145480.jpg;329;683;437;671;441;713;332;725;cell@
1638347145480.jpg;987;775;1094;763;1100;805;991;817;cell@
1638347145480.jpg;311;445;417;434;421;473;314;485;cell@
1638347145480.jpg;197;617;324;603;327;644;200;658;cell@
1638347145480.jpg;982;734;1090;723;1095;764;987;776;cell@
1638347145480.jpg;956;494;1062;483;1066;524;960;535;cell@
1638347145480.jpg;859;586;965;574;969;615;863;626;cell@
1638347145480.jpg;1336;140;1421;131;1427;170;1341;179;cell@
1638347145480.jpg;834;349;939;338;943;378;838;390;cell@
1638347145480.jpg;1277;500;1383;488;1389;529;1282;541;cell@
1638347145480.jpg;326;643;434;631;437;672;329;684;cell@
1638347145480.jpg;1021;135;1106;125;1110;165;1025;174;cell@
1638347145480.jpg;172;264;297;250;299;290;175;304;cell@
1638347145480.jpg;1143;435;1268;421;1273;461;1148;475;cell@
1638347145480.jpg;205;737;333;723;336;765;208;779;cell@
1638347145480.jpg;633;896;762;882;766;924;637;939;cell@
1638347145480.jpg;871;706;979;694;983;735;876;747;cell@
1638347145480.jpg;846;466;953;455;957;495;851;507;cell@
1638347145480.jpg;1282;540;1389;528;1394;569;1287;580;cell@
1638347145480.jpg;436;671;525;662;528;704;440;713;cell@
1638347145480.jpg;737;639;864;625;868;666;741;680;cell@
1638347145480.jpg;335;764;444;752;447;794;339;806;cell@
1638347145480.jpg;293;212;398;201;401;241;296;251;cell@
1638347145480.jpg;220;942;349;927;352;970;223;985;cell@
1638347145480.jpg;1093;763;1182;753;1187;795;1099;805;cell@
1638347145480.jpg;1029;212;1115;202;1120;242;1034;250;cell@
1638347145480.jpg;92;350;178;341;181;381;94;390;cell@
1638347145480.jpg;930;261;1035;249;1039;289;934;301;cell@
1638347145480.jpg;506;463;593;453;597;494;509;504;cell@
1638347145480.jpg;200;657;327;643;330;684;203;698;cell@
1638347145480.jpg;527;703;616;693;619;734;530;743;cell@
1638347145480.jpg;991;816;1100;804;1104;846;996;858;cell@
1638347145480.jpg;1341;178;1427;169;1432;208;1346;217;cell@
1638347145480.jpg;748;760;876;746;881;787;753;801;cell@
1638347145480.jpg;413;394;501;385;504;425;416;435;cell@
1638347145480.jpg;1052;404;1138;395;1144;436;1056;445;cell@
1638347145480.jpg;1025;173;1110;164;1116;203;1029;213;cell@
1638347145480.jpg;1186;794;1313;780;1319;822;1191;836;cell@
1638347145480.jpg;342;846;450;833;454;876;345;888;cell@
1638347145480.jpg;538;824;626;815;630;856;541;866;cell@
1638347145480.jpg;99;467;187;458;190;498;101;508;cell@
1638347145480.jpg;323;603;430;592;433;632;326;644;cell@
1638347145480.jpg;978;694;1085;682;1090;724;982;735;cell@
1638347145480.jpg;208;778;336;764;340;806;211;820;cell@
1638347145480.jpg;1430;850;1519;840;1525;883;1437;892;cell@
1638347145480.jpg;1356;293;1442;284;1447;324;1361;333;cell@
1638347145480.jpg;1287;579;1394;568;1399;609;1292;620;cell@
1638347145480.jpg;443;752;531;742;536;784;446;794;cell@
1638347145480.jpg;423;512;510;503;514;543;426;553;cell@
1638347145480.jpg;1181;753;1308;739;1314;781;1186;795;cell@
1638347145480.jpg;296;250;401;240;405;278;299;290;cell@
1638347145480.jpg;1152;513;1278;500;1282;540;1157;554;cell@
1638347145480.jpg;717;441;843;427;847;467;721;481;cell@
1638347145480.jpg;94;390;181;380;184;420;97;429;cell@
1638347145480.jpg;513;543;601;533;604;574;517;583;cell@
1638347145480.jpg;189;497;315;484;317;525;191;538;cell@
1638347145480.jpg;610;652;738;639;742;680;615;694;cell@
1638347145480.jpg;1371;410;1459;400;1464;441;1377;450;cell@
1638347145480.jpg;1197;876;1324;862;1329;903;1201;918;cell@
1638347145480.jpg;348;927;457;916;461;958;351;970;cell@
1638347145480.jpg;1065;523;1153;513;1158;554;1071;564;cell@
1638347145480.jpg;1103;845;1192;834;1198;877;1108;887;cell@
1638347145480.jpg;1119;241;1243;227;1248;267;1124;280;cell@
1638347145480.jpg;117;747;206;737;209;779;121;788;cell@
1638347145480.jpg;541;865;630;855;635;897;545;908;cell@
1638347145480.jpg;101;507;190;497;192;538;105;548;cell@
1638347145480.jpg;1398;608;1486;598;1491;639;1403;648;cell@
1638347145480.jpg;1366;371;1453;361;1459;401;1371;411;cell@
1638347145480.jpg;622;774;749;760;753;801;626;816;cell@
1638347145480.jpg;600;533;726;519;730;560;603;574;cell@
1638347145480.jpg;1267;421;1372;410;1378;450;1272;461;cell@
1638347145480.jpg;1161;593;1288;579;1293;620;1167;634;cell@
1638347145480.jpg;110;626;198;617;201;658;112;667;cell@
1638347145480.jpg;618;733;746;719;749;761;622;775;cell@
1638347145480.jpg;567;183;691;169;695;209;571;222;cell@
1638347145480.jpg;517;582;604;573;608;614;520;623;cell@
1638347145480.jpg;449;833;539;824;542;866;453;876;cell@
1638347145480.jpg;404;278;490;269;493;308;407;317;cell@
1638347145480.jpg;429;592;518;582;521;623;432;633;cell@
1638347145480.jpg;1075;602;1162;593;1168;634;1080;643;cell@
1638347145480.jpg;1048;366;1134;356;1138;396;1052;405;cell@
1638347145480.jpg;86;273;173;264;176;303;88;312;cell@
1638347145480.jpg;107;586;195;577;197;618;110;627;cell@
1638347145480.jpg;725;520;851;506;855;547;729;560;cell@
1638347145480.jpg;921;184;1026;173;1030;212;926;223;cell@
1638347145480.jpg;629;855;758;842;762;883;634;897;cell@
1638347145480.jpg;440;712;528;703;531;743;443;753;cell@
1638347145480.jpg;1272;460;1377;449;1384;489;1277;501;cell@
1638347145480.jpg;1166;633;1293;619;1298;660;1172;673;cell@
1638347145480.jpg;495;346;583;337;586;377;500;386;cell@
1638347145480.jpg;524;662;611;652;616;694;527;704;cell@
1638347145480.jpg;934;300;1039;288;1044;328;938;339;cell@
1638347145480.jpg;112;666;200;657;204;698;115;708;cell@
1638347145480.jpg;867;665;975;654;979;695;871;707;cell@
1638347145480.jpg;453;874;542;865;546;907;457;917;cell@
1638347145480.jpg;757;842;885;827;889;869;761;884;cell@
1638347145480.jpg;702;285;826;272;831;311;705;325;cell@
1638347145480.jpg;732;599;859;585;864;626;737;640;cell@
1638347145480.jpg;1080;642;1167;633;1173;673;1084;683;cell@
1638347145480.jpg;308;405;414;394;417;435;311;446;cell@
1638347145480.jpg;332;724;441;712;444;753;335;765;cell@
1638347145480.jpg;351;969;461;957;464;999;355;1012;cell@
1638347145480.jpg;131;951;221;942;224;985;134;994;cell@
1638347145480.jpg;217;900;346;887;349;928;220;943;cell@
1638347145480.jpg;177;341;302;328;306;367;180;381;cell@
1638347145480.jpg;926;222;1030;211;1035;250;930;262;cell@
1638347145480.jpg;214;860;343;846;346;888;217;901;cell@
1638347145480.jpg;1420;769;1508;759;1514;800;1425;811;cell@
1638347145480.jpg;880;786;988;775;992;817;884;828;cell@
1638347145480.jpg;855;546;961;534;965;575;859;587;cell@
1638347145480.jpg;745;719;872;706;877;747;748;761;cell@
1638347145480.jpg;741;679;868;665;872;707;745;720;cell@
1638347145480.jpg;186;458;312;445;315;485;189;498;cell@
1638347145480.jpg;339;805;447;793;450;834;342;847;cell@
1638347145480.jpg;938;338;1043;327;1049;367;942;378;cell@
1638347145480.jpg;534;783;623;774;626;816;538;825;cell@
1638347145480.jpg;223;983;352;969;356;1012;225;1026;cell@
1638347145480.jpg;637;938;766;923;770;966;641;980;cell@
1638347145480.jpg;1001;897;1109;886;1114;927;1005;940;cell@
1638347145480.jpg;1247;266;1351;254;1357;294;1252;306;cell@
1638347145480.jpg;1383;488;1469;479;1474;520;1388;529;cell@
1638347145480.jpg;1350;255;1437;245;1442;285;1356;294;cell@
1638347145480.jpg;1061;483;1149;473;1153;514;1065;524;cell@
1638347145480.jpg;503;424;590;415;594;454;506;464;cell@
1638347145480.jpg;1034;249;1120;241;1125;280;1038;289;cell@
1638347145480.jpg;133;993;224;983;226;1026;137;1036;cell@
1638347145480.jpg;180;380;306;366;309;406;183;420;cell@
1638347145480.jpg;1376;449;1464;440;1469;480;1383;489;cell@
1638347145480.jpg;884;827;992;816;997;857;888;869;cell@
1638347145480.jpg;1297;659;1404;647;1410;688;1302;701;cell@
1638347145480.jpg;1191;835;1319;821;1324;863;1197;877;cell@
1638347145480.jpg;345;887;454;874;458;917;348;928;cell@
1638347145480.jpg;115;707;204;697;206;738;117;748;cell@
1638347145480.jpg;1393;568;1480;558;1486;599;1398;609;cell@
1638347145480.jpg;400;240;487;230;490;270;404;279;cell@
1638347145480.jpg;690;170;814;157;818;196;695;209;cell@
1638347145480.jpg;1262;382;1367;371;1372;411;1267;422;cell@
1638347145480.jpg;299;289;405;277;408;317;301;329;cell@
1638347145480.jpg;489;269;576;260;579;299;492;308;cell@
1638347145480.jpg;917;146;1022;135;1026;174;921;185;cell@
1638347145480.jpg;123;828;212;819;216;860;126;870;cell@
1638347145480.jpg;170;225;294;212;297;251;172;265;cell@
1638347145480.jpg;585;376;710;362;715;402;589;416;cell@
1638347145480.jpg;486;230;572;221;576;261;489;270;cell@
1638347145480.jpg;84;234;1416;93;1525;883;137;1036;table@1
