1638346982398.jpg;112;344;169;334;171;352;114;362;@审核人
1638346982398.jpg;226;324;284;313;286;332;229;342;@郭桂芝
1638346982398.jpg;331;305;388;294;391;313;334;323;@120.92
1638346982398.jpg;436;287;474;280;476;297;439;304;@管芳
1638346982398.jpg;511;273;569;262;572;281;515;290;@154.32
1638346982398.jpg;606;255;644;248;648;267;609;274;@3.17
1638346982398.jpg;692;241;748;230;751;248;695;258;@谢秀英
1638346982398.jpg;795;222;852;212;854;230;798;240;@446.63
1638346982398.jpg;898;204;955;193;959;212;901;221;@冯桂英
1638346982398.jpg;1011;184;1049;177;1052;194;1015;201;@97.5
1638346982398.jpg;1095;168;1151;158;1154;176;1098;186;@陈桂荣
1638346982398.jpg;1188;152;1226;145;1229;162;1192;169;@98.1
1638346982398.jpg;1263;138;1338;125;1341;143;1267;157;@腊味合蒸
1638346982398.jpg;1384;116;1422;110;1425;128;1388;134;@卞瑞
1638346982398.jpg;114;363;171;353;174;372;117;382;@发件人
1638346982398.jpg;229;343;277;335;279;353;232;361;@31.97
1638346982398.jpg;334;324;382;316;384;334;336;342;@70.25
1638346982398.jpg;429;307;486;297;489;315;432;326;@李红梅
1638346982398.jpg;515;291;562;284;565;301;517;310;@90.03
1638346982398.jpg;609;275;647;268;650;287;613;293;@王鹏
1638346982398.jpg;704;258;742;251;745;269;707;276;@2.14
1638346982398.jpg;798;241;846;233;849;250;802;259;@17.56
1638346982398.jpg;902;222;959;213;962;231;905;241;@刘桂花
1638346982398.jpg;1015;202;1052;195;1056;213;1018;220;@81.9
1638346982398.jpg;1108;185;1146;179;1149;197;1112;204;@19.1
1638346982398.jpg;1183;172;1229;163;1234;182;1186;190;@28.27
1638346982398.jpg;1295;152;1314;149;1317;167;1299;170;@40
1638346982398.jpg;1379;137;1425;129;1429;147;1382;155;@21.59
1638346982398.jpg;97;387;194;369;196;388;99;405;@托运人签字
1638346982398.jpg;232;362;289;352;291;371;234;381;@110.43
1638346982398.jpg;336;343;394;334;397;351;340;362;@275.99
1638346982398.jpg;442;325;480;318;482;337;444;343;@79.7
1638346982398.jpg;517;311;565;302;568;321;521;330;@59.97
1638346982398.jpg;603;295;650;287;654;306;606;314;@76.82
1638346982398.jpg;707;277;745;270;748;288;711;295;@杨帆
1638346982398.jpg;802;260;858;250;861;268;805;279;@507.35
1638346982398.jpg;905;242;952;233;956;251;908;260;@67.61
1638346982398.jpg;1008;223;1066;213;1069;231;1012;242;@121.87
1638346982398.jpg;1103;206;1159;196;1162;214;1106;224;@616.05
1638346982398.jpg;1187;191;1243;181;1247;199;1191;210;@607.42
1638346982398.jpg;1280;174;1327;166;1331;184;1284;192;@43.77
1638346982398.jpg;1392;155;1430;148;1433;165;1396;172;@39.8
1638346982398.jpg;129;401;167;394;170;413;131;420;@折扣
1638346982398.jpg;244;380;282;373;285;392;247;399;@0.99
1638346982398.jpg;340;363;397;352;399;371;342;382;@156.76
1638346982398.jpg;435;345;492;336;495;354;437;364;@李建军
1638346982398.jpg;530;329;568;322;571;341;533;347;@姜洁
1638346982398.jpg;615;313;654;307;657;325;619;332;@马军
1638346982398.jpg;701;298;758;287;761;306;704;317;@362.63
1638346982398.jpg;805;280;861;269;865;287;809;297;@陈秀云
1638346982398.jpg;909;261;966;250;969;269;912;279;@曾丽华
1638346982398.jpg;1022;241;1059;234;1062;252;1025;258;@1.36
1638346982398.jpg;1115;223;1154;216;1157;235;1120;242;@0.88
1638346982398.jpg;1191;211;1237;202;1242;220;1194;228;@21.59
1638346982398.jpg;1285;193;1341;184;1344;201;1288;212;@双皮奶
1638346982398.jpg;1396;173;1433;166;1437;184;1400;191;@0.84
1638346982398.jpg;112;424;189;410;191;429;114;443;@提货方式
1638346982398.jpg;247;400;285;393;287;412;249;419;@刘宁
1638346982398.jpg;342;383;399;372;403;391;344;401;@328.56
1638346982398.jpg;438;365;495;355;498;373;440;384;@163.72
1638346982398.jpg;523;350;572;341;574;360;527;368;@37.93
1638346982398.jpg;609;335;666;324;669;342;612;353;@448.68
1638346982398.jpg;704;318;761;307;764;326;707;336;@廖婷婷
1638346982398.jpg;818;297;856;290;859;308;821;315;@段洁
1638346982398.jpg;912;280;969;270;972;288;915;298;@吕春梅
1638346982398.jpg;1016;261;1072;251;1076;270;1020;280;@557939
1638346982398.jpg;1129;241;1147;238;1152;256;1132;259;@59
1638346982398.jpg;1203;227;1242;221;1245;239;1208;246;@马军
1638346982398.jpg;1298;211;1335;204;1339;222;1301;229;@31.8
1638346982398.jpg;1391;194;1438;185;1442;204;1395;212;@36.75
1638346982398.jpg;114;444;191;430;194;449;117;463;@收件电话
1638346982398.jpg;239;421;288;413;290;431;242;440;@43.77
1638346982398.jpg;345;402;393;394;395;412;348;421;@190.7
1638346982398.jpg;440;385;498;374;501;393;443;404;@129.65
1638346982398.jpg;527;369;584;359;586;378;529;388;@168.52
1638346982398.jpg;612;354;669;343;673;362;615;372;@124.59
1638346982398.jpg;717;335;755;329;757;346;720;353;@刘宁
1638346982398.jpg;821;316;859;309;862;328;824;335;@王晶
1638346982398.jpg;916;299;963;290;966;309;919;318;@49.81
1638346982398.jpg;1029;279;1067;272;1070;290;1032;297;@杨欣
1638346982398.jpg;1113;264;1161;255;1164;274;1118;282;@147.2
1638346982398.jpg;1198;248;1254;239;1258;256;1202;267;@992.03
1638346982398.jpg;1292;232;1349;221;1352;240;1296;249;@173.95
1638346982398.jpg;1405;212;1442;205;1445;222;1408;229;@0.84
1638346982398.jpg;117;464;194;450;197;468;119;482;@收件信息
1638346982398.jpg;242;441;300;431;302;449;245;460;@890004
1638346982398.jpg;348;422;395;413;399;432;350;441;@612.8
1638346982398.jpg;453;403;491;396;494;415;456;422;@90.6
1638346982398.jpg;539;387;577;380;580;399;542;406;@0.91
1638346982398.jpg;615;373;663;365;666;383;618;392;@53.27
1638346982398.jpg;710;356;767;345;771;364;714;375;@175.51
1638346982398.jpg;815;338;872;327;875;345;818;356;@汪丽娟
1638346982398.jpg;919;319;976;308;979;327;922;337;@625304
1638346982398.jpg;1023;300;1079;289;1083;308;1027;318;@155.21
1638346982398.jpg;1118;283;1174;273;1177;291;1121;301;@廖婷婷
1638346982398.jpg;1202;268;1249;259;1253;278;1206;286;@26.02
1638346982398.jpg;1306;249;1343;243;1346;260;1309;267;@47.0
1638346982398.jpg;1399;232;1455;222;1459;240;1403;250;@黄桂芝
1638346982398.jpg;119;483;197;469;199;488;122;502;@提货方式
1638346982398.jpg;254;459;293;452;296;471;257;478;@唐燕
1638346982398.jpg;351;442;399;433;401;452;353;460;@296.1
1638346982398.jpg;456;422;494;416;497;434;459;441;@0.84
1638346982398.jpg;533;409;590;398;593;417;535;427;@645964
1638346982398.jpg;618;393;675;383;679;401;622;412;@欧建华
1638346982398.jpg;704;377;781;363;783;382;707;396;@乐从鱼腐
1638346982398.jpg;818;357;875;346;879;365;821;375;@张志强
1638346982398.jpg;922;338;980;328;983;346;926;356;@冯桂英
1638346982398.jpg;1017;321;1093;307;1096;326;1020;340;@东安子鸡
1638346982398.jpg;1121;302;1177;292;1182;310;1125;321;@程凤兰
1638346982398.jpg;1206;287;1262;277;1266;295;1209;305;@594.88
1638346982398.jpg;1299;270;1347;261;1351;280;1304;288;@35.41
1638346982398.jpg;1403;251;1459;241;1463;259;1407;270;@262.26
1638346982398.jpg;141;499;180;493;182;511;144;518;@送货
1638346982398.jpg;248;480;296;472;298;490;250;499;@80.98
1638346982398.jpg;363;460;401;453;404;471;365;478;@6.28
1638346982398.jpg;450;444;507;434;510;452;452;463;@564438
1638346982398.jpg;545;427;583;420;587;438;548;445;@潘英
1638346982398.jpg;631;411;669;404;672;423;634;430;@0.95
1638346982398.jpg;717;395;774;385;778;404;720;414;@164.02
1638346982398.jpg;822;376;869;368;872;386;825;395;@25.01
1638346982398.jpg;926;357;973;348;977;367;929;376;@25.01
1638346982398.jpg;1040;337;1078;330;1081;348;1043;355;@郭倩
1638346982398.jpg;1135;320;1172;313;1175;332;1138;339;@赵亮
1638346982398.jpg;1209;306;1266;296;1270;314;1214;325;@362.78
1638346982398.jpg;1314;287;1351;281;1354;299;1317;306;@郭倩
1638346982398.jpg;1416;269;1454;262;1458;281;1420;287;@郭玉
1638346982398.jpg;134;521;192;511;194;529;136;540;@发件人
1638346982398.jpg;250;500;308;490;311;508;253;519;@杨红梅
1638346982398.jpg;347;483;423;469;426;488;349;501;@均安蒸猪
1638346982398.jpg;452;464;510;453;512;472;455;482;@364.81
1638346982398.jpg;549;446;587;439;589;458;551;465;@0.92
1638346982398.jpg;624;432;673;424;676;442;628;451;@102.3
1638346982398.jpg;730;413;768;406;771;425;733;432;@5.45
1638346982398.jpg;825;396;872;387;876;406;828;415;@21.59
1638346982398.jpg;929;377;977;368;981;387;933;396;@24.68
1638346982398.jpg;1044;356;1081;349;1085;368;1047;375;@倪强
1638346982398.jpg;1128;341;1175;333;1180;350;1133;359;@45.23
1638346982398.jpg;1223;324;1261;317;1264;336;1227;342;@0.96
1638346982398.jpg;1317;307;1355;300;1359;318;1321;325;@9.27
1638346982398.jpg;1411;289;1458;282;1462;299;1415;308;@64.68
1638346982398.jpg;137;541;195;530;197;549;139;559;@审核人
1638346982398.jpg;253;520;311;509;313;528;255;538;@赵玉兰
1638346982398.jpg;359;501;417;490;419;509;361;519;@石兰英
1638346982398.jpg;464;482;503;475;506;493;468;500;@87.9
1638346982398.jpg;541;468;599;457;603;476;544;486;@万秀珍
1638346982398.jpg;628;452;685;442;688;460;631;471;@黄红霞
1638346982398.jpg;723;435;780;424;784;443;727;453;@367.86
1638346982398.jpg;838;414;876;407;879;426;841;433;@81.9
1638346982398.jpg;943;395;971;390;975;408;946;413;@1.0
1638346982398.jpg;1037;377;1094;367;1098;386;1042;396;@张丽丽
1638346982398.jpg;1142;358;1180;351;1183;370;1146;377;@张晶
1638346982398.jpg;1217;344;1265;337;1268;354;1221;363;@90.38
1638346982398.jpg;1312;328;1359;319;1362;338;1315;346;@98.77
1638346982398.jpg;1415;309;1471;299;1476;317;1419;328;@120.58
1638346982398.jpg;120;564;217;546;219;565;123;584;@提货人签字
1638346982398.jpg;255;539;303;531;307;550;258;558;@76.82
1638346982398.jpg;381;517;400;513;403;532;383;536;@86
1638346982398.jpg;458;503;516;493;518;511;461;522;@488.24
1638346982398.jpg;545;487;603;477;605;496;548;506;@482.23
1638346982398.jpg;631;472;678;463;682;482;634;490;@736.7
1638346982398.jpg;727;454;784;444;787;463;730;473;@120.45
1638346982398.jpg;841;434;879;427;883;445;844;452;@7.42
1638346982398.jpg;936;416;993;406;997;424;940;435;@甄桂珍
1638346982398.jpg;1042;397;1098;387;1102;405;1045;416;@陈秀云
1638346982398.jpg;1136;380;1193;369;1197;388;1139;398;@546762
1638346982398.jpg;1221;364;1278;354;1282;372;1225;383;@吕春梅
1638346982398.jpg;1315;347;1363;339;1367;357;1320;365;@237.5
1638346982398.jpg;1410;330;1486;316;1489;335;1414;348;@北京烤鸭
1638346982398.jpg;151;579;191;572;193;591;154;598;@货物
1638346982398.jpg;258;559;316;549;319;567;261;579;@463.39
1638346982398.jpg;365;540;422;530;425;548;367;559;@764.26
1638346982398.jpg;461;523;519;512;522;531;464;541;@张志强
1638346982398.jpg;548;507;605;497;608;515;550;526;@332986
1638346982398.jpg;634;491;682;483;685;501;637;510;@92.81
1638346982398.jpg;740;472;777;465;781;484;742;491;@1.36
1638346982398.jpg;836;455;893;445;896;463;839;474;@457.71
1638346982398.jpg;940;436;997;425;1001;444;943;455;@李小红
1638346982398.jpg;1054;415;1092;408;1096;427;1058;434;@3.23
1638346982398.jpg;1150;398;1178;392;1181;411;1153;416;@4.5
1638346982398.jpg;1235;382;1273;375;1276;394;1238;401;@陈畅
1638346982398.jpg;1330;365;1367;358;1370;376;1333;383;@刘凯
1638346982398.jpg;1423;347;1480;338;1484;356;1427;366;@355.33
1638346982398.jpg;154;599;193;592;195;611;156;618;@自提
1638346982398.jpg;271;578;309;570;312;590;273;597;@王彬
1638346982398.jpg;377;558;416;551;418;570;380;578;@何想
1638346982398.jpg;464;542;512;534;515;552;467;561;@85.65
1638346982398.jpg;551;527;599;518;602;537;554;545;@27.06
1638346982398.jpg;637;511;695;501;698;519;640;530;@902039
1638346982398.jpg;734;494;781;485;784;504;736;513;@10.05
1638346982398.jpg;839;475;896;464;899;483;842;493;@龙玉英
1638346982398.jpg;943;456;992;447;995;466;947;474;@70.43
1638346982398.jpg;1049;436;1106;426;1109;445;1052;455;@179644
1638346982398.jpg;1144;419;1200;409;1205;427;1147;438;@王丽娟
1638346982398.jpg;1239;402;1276;395;1280;414;1242;420;@谷丹
1638346982398.jpg;1324;386;1371;377;1375;396;1328;405;@103.9
1638346982398.jpg;1437;365;1475;358;1479;377;1441;384;@谭刚
1638346982398.jpg;138;622;215;608;218;628;140;642;@审核时间
1638346982398.jpg;273;598;312;591;315;610;276;617;@0.88
1638346982398.jpg;380;579;418;572;421;591;382;597;@0.99
1638346982398.jpg;467;562;524;552;528;570;470;582;@李红梅
1638346982398.jpg;564;545;602;538;605;557;566;563;@25.3
1638346982398.jpg;651;529;689;522;691;541;653;548;@程萍
1638346982398.jpg;746;512;784;505;788;524;749;530;@支洁
1638346982398.jpg;842;494;900;484;903;503;846;513;@783.58
1638346982398.jpg;957;474;995;467;998;485;960;492;@31.3
1638346982398.jpg;1052;456;1109;446;1113;464;1055;475;@267.99
1638346982398.jpg;1148;439;1195;430;1199;449;1151;458;@91.19
1638346982398.jpg;1252;420;1271;416;1275;435;1255;438;@58
1638346982398.jpg;1346;402;1366;399;1369;418;1351;421;@85
1638346982398.jpg;1432;387;1488;376;1492;395;1435;405;@马凤英
1638346982398.jpg;150;641;208;631;210;649;152;660;@收件人
1638346982398.jpg;276;618;314;611;318;630;278;637;@66.9
1638346982398.jpg;373;600;422;591;424;610;376;619;@199.3
1638346982398.jpg;480;581;518;574;521;593;482;600;@0.97
1638346982398.jpg;566;564;605;557;608;577;570;584;@杨云
1638346982398.jpg;653;549;691;542;695;561;656;568;@0.96
1638346982398.jpg;740;533;798;523;801;541;743;552;@刘小红
1638346982398.jpg;836;516;913;502;916;521;839;535;@航空禁运
1638346982398.jpg;960;493;999;486;1002;505;963;512;@1.36
1638346982398.jpg;1065;474;1104;467;1107;486;1069;493;@25.3
1638346982398.jpg;1151;459;1199;450;1203;469;1155;477;@354.5
1638346982398.jpg;1237;443;1294;432;1298;451;1241;462;@307237
1638346982398.jpg;1332;426;1388;415;1393;434;1336;444;@149.98
1638346982398.jpg;1436;406;1483;398;1487;416;1440;425;@87.11
1638346982398.jpg;143;663;220;649;223;668;145;682;@收件地址
1638346982398.jpg;269;640;328;630;330;648;272;659;@黄红霞
1638346982398.jpg;366;622;444;608;446;627;369;641;@腊味合蒸
1638346982398.jpg;482;601;522;594;524;613;485;619;@5.45
1638346982398.jpg;560;587;608;578;612;597;563;606;@25.01
1638346982398.jpg;647;570;695;562;698;581;650;590;@50.22
1638346982398.jpg;743;553;791;544;795;563;746;573;@20.43
1638346982398.jpg;858;532;897;525;900;544;862;551;@31.8
1638346982398.jpg;964;513;1002;506;1005;525;968;532;@郑莉
1638346982398.jpg;1060;496;1117;485;1120;504;1063;514;@冯丽丽
1638346982398.jpg;1156;478;1213;468;1216;487;1159;497;@陈秀云
1638346982398.jpg;1241;463;1298;452;1302;471;1244;481;@529667
1638346982398.jpg;1346;443;1383;437;1387;455;1349;462;@6.47
1638346982398.jpg;1450;424;1487;417;1492;436;1453;443;@86.3
1638346982398.jpg;155;681;213;671;215;690;157;700;@发件人
1638346982398.jpg;272;660;330;649;332;669;274;679;@438851
1638346982398.jpg;378;641;428;632;430;651;382;659;@898.1
1638346982398.jpg;476;622;534;612;537;631;479;642;@144.41
1638346982398.jpg;563;607;621;596;624;615;566;625;@627057
1638346982398.jpg;660;589;698;582;702;601;662;608;@胡雷
1638346982398.jpg;747;574;805;562;808;582;750;592;@969090
1638346982398.jpg;852;553;910;543;913;562;855;573;@710310
1638346982398.jpg;958;534;1015;524;1019;543;962;553;@488.24
1638346982398.jpg;1082;512;1102;508;1105;527;1086;531;@64
1638346982398.jpg;1159;498;1206;489;1211;508;1162;517;@102.3
1638346982398.jpg;1245;482;1292;474;1296;492;1248;501;@171.2
1638346982398.jpg;1340;465;1387;456;1392;475;1343;484;@154.0
1638346982398.jpg;1444;446;1502;435;1505;454;1448;465;@126.41
1638346982398.jpg;138;706;235;687;237;707;140;724;@提货人签字
1638346982398.jpg;274;680;333;670;336;689;277;699;@次日达
1638346982398.jpg;392;659;430;652;433;671;394;678;@0.87
1638346982398.jpg;478;643;528;634;530;653;482;662;@75.43
1638346982398.jpg;566;627;624;616;627;636;569;646;@金桂荣
1638346982398.jpg;654;611;702;602;705;621;656;630;@91.15
1638346982398.jpg;760;592;798;585;802;603;762;610;@4.58
1638346982398.jpg;855;574;904;564;907;584;859;593;@31.86
1638346982398.jpg;962;554;1019;544;1023;562;965;574;@许桂珍
1638346982398.jpg;1077;533;1115;526;1119;545;1080;552;@6.25
1638346982398.jpg;1163;518;1220;507;1224;526;1167;536;@258.34
1638346982398.jpg;1258;500;1296;493;1300;512;1262;519;@蒋建
1638346982398.jpg;1344;485;1392;476;1395;495;1348;503;@75.43
1638346982398.jpg;1458;464;1496;457;1499;476;1462;482;@罗亮
1638346982398.jpg;140;725;238;708;241;727;142;745;@提货人签字
1638346982398.jpg;267;703;346;688;348;708;269;722;@黄埔炒蛋
1638346982398.jpg;384;681;434;672;436;691;388;700;@62.45
1638346982398.jpg;501;659;520;656;523;675;504;679;@59
1638346982398.jpg;569;647;627;637;631;655;572;666;@783878
1638346982398.jpg;666;630;705;622;708;641;669;648;@40.5
1638346982398.jpg;754;613;811;603;814;621;757;633;@938.34
1638346982398.jpg;859;594;917;583;920;602;862;613;@李秀华
1638346982398.jpg;975;573;1013;565;1017;585;978;592;@6.28
1638346982398.jpg;1080;553;1119;546;1122;565;1084;573;@何坤
1638346982398.jpg;1167;537;1224;527;1227;546;1170;556;@718842
1638346982398.jpg;1253;522;1300;513;1304;532;1256;540;@76.82
1638346982398.jpg;1358;503;1395;496;1400;514;1361;521;@11.3
1638346982398.jpg;1472;482;1491;478;1495;497;1475;500;@47
1638346982398.jpg;162;743;221;731;224;751;165;762;@收件人
1638346982398.jpg;289;719;329;712;331;731;293;739;@2.46
1638346982398.jpg;388;701;436;692;439;712;390;720;@95.93
1638346982398.jpg;494;682;533;675;537;693;497;700;@8.13
1638346982398.jpg;572;668;621;658;623;678;575;686;@89.52
1638346982398.jpg;660;651;708;642;711;661;663;671;@185.7
1638346982398.jpg;766;632;805;624;809;644;769;651;@曾琴
1638346982398.jpg;862;614;920;603;924;622;866;633;@325924
1638346982398.jpg;969;594;1017;586;1020;604;972;613;@65.09
1638346982398.jpg;1075;575;1122;566;1127;585;1078;594;@93.35
1638346982398.jpg;1180;555;1219;548;1222;567;1184;575;@7.42
1638346982398.jpg;1256;541;1314;531;1317;550;1260;560;@438851
1638346982398.jpg;1352;524;1400;515;1404;534;1356;543;@90.03
1638346982398.jpg;1457;505;1514;494;1518;513;1461;524;@168.65
1638346982398.jpg;165;763;224;752;226;772;167;782;@审核人
1638346982398.jpg;283;741;341;730;344;750;285;761;@147.27
1638346982398.jpg;390;721;448;711;452;730;393;741;@401.59
1638346982398.jpg;498;701;537;694;539;714;501;721;@朱娜
1638346982398.jpg;575;687;633;677;637;696;579;707;@962015
1638346982398.jpg;663;672;711;662;715;682;666;690;@40.93
1638346982398.jpg;759;653;818;643;821;662;763;673;@808.37
1638346982398.jpg;876;633;914;625;918;644;879;651;@李丽
1638346982398.jpg;962;616;1040;602;1043;621;967;636;@东安子鸡
1638346982398.jpg;1088;593;1127;586;1130;605;1092;612;@萧娟
1638346982398.jpg;1194;574;1212;570;1217;589;1197;593;@40
1638346982398.jpg;1270;559;1309;552;1312;572;1274;579;@0.95
1638346982398.jpg;1346;545;1423;532;1427;550;1350;564;@航空禁运
1638346982398.jpg;1470;523;1509;516;1513;535;1475;542;@徐勇
1638346982398.jpg;77;340;1452;93;1549;539;134;800;cell@
1638346982398.jpg;77;340;1452;93;1549;539;134;800;table@1
