1638347040598.jpg;113;286;169;278;172;295;114;305;@发件人
1638347040598.jpg;217;270;292;257;295;276;219;288;@发件地址
1638347040598.jpg;321;253;397;240;399;259;323;271;@审核时间
1638347040598.jpg;453;232;491;225;494;243;456;249;@备注
1638347040598.jpg;567;213;604;208;606;225;569;232;@折扣
1638347040598.jpg;650;200;726;187;728;206;653;218;@大写金额
1638347040598.jpg;754;183;828;171;831;189;757;201;@收件电话
1638347040598.jpg;876;163;913;157;916;176;879;181;@审核
1638347040598.jpg;968;149;1006;142;1009;160;971;166;@折扣
1638347040598.jpg;1061;134;1099;128;1102;146;1065;152;@货物
1638347040598.jpg;1145;120;1237;105;1241;123;1148;138;@提货人签字
1638347040598.jpg;124;304;162;298;164;317;125;323;@欠付
1638347040598.jpg;228;287;285;278;287;296;230;306;@刘小红
1638347040598.jpg;343;269;380;263;382;281;345;287;@黄瑞
1638347040598.jpg;446;252;503;243;506;261;449;271;@144.41
1638347040598.jpg;569;233;606;226;609;244;572;250;@0.98
1638347040598.jpg;663;217;720;208;722;226;665;236;@黄秀兰
1638347040598.jpg;776;199;814;193;816;211;779;217;@萧帆
1638347040598.jpg;869;184;916;177;919;195;872;202;@60.58
1638347040598.jpg;963;169;1009;161;1012;180;966;187;@123.6
1638347040598.jpg;1055;154;1112;145;1115;163;1059;172;@149.16
1638347040598.jpg;1167;136;1222;127;1226;145;1171;154;@173.96
1638347040598.jpg;97;329;193;313;195;332;99;346;@托运人签字
1638347040598.jpg;230;307;288;297;290;316;233;325;@170.06
1638347040598.jpg;345;288;382;282;385;300;347;307;@陈畅
1638347040598.jpg;449;272;506;262;509;280;451;290;@陈桂花
1638347040598.jpg;562;253;609;245;612;264;565;272;@62.45
1638347040598.jpg;675;235;713;229;716;247;678;253;@马军
1638347040598.jpg;769;220;826;210;829;229;772;238;@1202.9
1638347040598.jpg;872;203;928;194;932;212;876;221;@李小红
1638347040598.jpg;966;188;1012;181;1016;199;969;206;@23.49
1638347040598.jpg;1068;172;1106;165;1109;183;1071;189;@王鹏
1638347040598.jpg;1171;155;1226;146;1230;164;1174;173;@475885
1638347040598.jpg;109;346;185;333;187;352;111;365;@大写金额
1638347040598.jpg;242;325;281;319;283;336;244;343;@陈建
1638347040598.jpg;338;309;394;300;397;319;340;328;@王玉兰
1638347040598.jpg;452;291;509;281;511;300;454;309;@张冬梅
1638347040598.jpg;555;274;631;262;634;280;558;292;@西湖醋鱼
1638347040598.jpg;688;252;706;249;709;268;690;271;@10
1638347040598.jpg;772;239;820;231;823;249;775;257;@98.77
1638347040598.jpg;876;222;932;213;935;231;879;240;@362.78
1638347040598.jpg;969;207;1025;198;1029;216;973;225;@谢玉英
1638347040598.jpg;1063;192;1109;184;1113;203;1066;210;@170.4
1638347040598.jpg;1193;171;1212;168;1215;186;1197;189;@66
1638347040598.jpg;130;362;168;356;170;375;132;381;@审核
1638347040598.jpg;236;345;293;336;295;355;238;364;@703593
1638347040598.jpg;359;326;378;323;381;341;361;344;@74
1638347040598.jpg;454;310;511;301;514;320;457;329;@158.67
1638347040598.jpg;568;291;624;282;627;301;570;310;@130.88
1638347040598.jpg;681;274;719;267;722;285;684;291;@张柳
1638347040598.jpg;776;258;823;250;826;269;778;277;@34.02
1638347040598.jpg;879;241;935;232;938;250;882;260;@飞龙汤
1638347040598.jpg;973;226;1029;217;1032;236;976;244;@747761
1638347040598.jpg;1066;211;1122;202;1126;220;1070;229;@488.24
1638347040598.jpg;1178;193;1225;185;1229;204;1181;211;@18.09
1638347040598.jpg;113;385;189;373;191;392;115;404;@发件电话
1638347040598.jpg;238;365;295;356;297;374;240;384;@冯丽丽
1638347040598.jpg;342;348;400;338;402;357;345;367;@112.57
1638347040598.jpg;438;332;533;317;535;335;440;351;@大良煎虾饼
1638347040598.jpg;580;310;618;303;621;322;583;328;@90.6
1638347040598.jpg;684;292;722;286;725;305;687;311;@0.89
1638347040598.jpg;788;276;826;270;829;288;791;294;@刘建
1638347040598.jpg;882;261;939;251;942;270;885;278;@陈秀云
1638347040598.jpg;976;245;1022;238;1026;256;979;264;@17.45
1638347040598.jpg;1060;232;1135;219;1139;238;1064;250;@黄埔炒蛋
1638347040598.jpg;1191;210;1229;205;1232;222;1194;229;@王晶
1638347040598.jpg;124;404;183;394;185;413;126;422;@收件人
1638347040598.jpg;250;383;287;377;290;396;252;402;@唐婷
1638347040598.jpg;344;368;393;360;395;378;347;386;@91.15
1638347040598.jpg;459;349;507;341;509;360;462;368;@194.8
1638347040598.jpg;564;332;640;320;643;338;567;350;@炒水鱼丝
1638347040598.jpg;678;314;734;304;737;323;680;332;@张冬梅
1638347040598.jpg;791;295;829;289;832;308;794;314;@9.13
1638347040598.jpg;885;279;942;271;945;289;888;298;@李桂芳
1638347040598.jpg;989;263;1027;257;1030;276;992;281;@0.85
1638347040598.jpg;1073;249;1129;240;1133;258;1077;268;@146.09
1638347040598.jpg;1185;231;1242;222;1245;240;1189;249;@祝桂珍
1638347040598.jpg;108;426;203;411;205;430;110;445;@托运人签字
1638347040598.jpg;242;404;299;395;302;414;244;423;@陈桂荣
1638347040598.jpg;348;387;405;378;407;397;350;406;@867.06
1638347040598.jpg;462;369;519;359;521;378;464;387;@872041
1638347040598.jpg;577;350;633;340;636;359;579;369;@124.85
1638347040598.jpg;680;333;728;326;731;343;683;351;@36.75
1638347040598.jpg;804;313;822;310;825;329;807;332;@57
1638347040598.jpg;898;298;936;291;939;310;901;316;@张欣
1638347040598.jpg;983;283;1040;275;1043;293;986;302;@丁雪梅
1638347040598.jpg;1086;267;1123;261;1127;279;1090;285;@王柳
1638347040598.jpg;1190;250;1245;241;1249;259;1193;269;@102.46
1638347040598.jpg;110;446;206;431;208;449;112;465;@提货人签字
1638347040598.jpg;244;424;302;415;304;434;246;443;@139.24
1638347040598.jpg;350;407;407;398;410;416;352;426;@369.18
1638347040598.jpg;464;388;521;379;524;398;467;407;@龙虎斗
1638347040598.jpg;579;369;627;362;629;380;582;388;@54.69
1638347040598.jpg;683;352;741;343;744;362;686;371;@669.81
1638347040598.jpg;788;335;844;327;848;344;791;354;@986262
1638347040598.jpg;892;319;949;309;952;328;895;337;@雷秀华
1638347040598.jpg;995;302;1034;295;1037;314;999;320;@0.92
1638347040598.jpg;1090;286;1128;280;1131;299;1093;305;@李璐
1638347040598.jpg;1203;268;1240;262;1243;280;1206;286;@2.24
1638347040598.jpg;141;461;179;455;181;474;143;480;@折扣
1638347040598.jpg;256;442;295;436;297;455;258;461;@9.48
1638347040598.jpg;352;427;400;419;402;438;355;446;@92.81
1638347040598.jpg;467;408;525;399;528;417;469;427;@406746
1638347040598.jpg;582;389;639;380;642;399;585;408;@龙虎斗
1638347040598.jpg;696;370;734;364;737;383;699;389;@47.0
1638347040598.jpg;801;353;839;347;842;366;804;372;@31.3
1638347040598.jpg;895;338;952;329;955;347;899;356;@569.72
1638347040598.jpg;990;323;1046;314;1050;332;993;341;@黄红霞
1638347040598.jpg;1084;307;1141;298;1144;317;1087;326;@谢秀英
1638347040598.jpg;1206;287;1243;281;1247;300;1210;306;@李洁
1638347040598.jpg;114;486;211;470;213;489;116;505;@托运人签字
1638347040598.jpg;258;462;297;456;300;475;261;481;@马静
1638347040598.jpg;365;445;402;439;405;457;367;464;@23.6
1638347040598.jpg;469;428;528;418;530;437;472;447;@326.52
1638347040598.jpg;575;411;651;398;654;417;578;429;@顶骨大鳝
1638347040598.jpg;690;392;747;382;750;401;693;411;@135.16
1638347040598.jpg;804;373;842;367;845;386;807;392;@张成
1638347040598.jpg;899;357;946;350;949;368;902;376;@70.54
1638347040598.jpg;994;342;1040;334;1044;353;997;361;@85.69
1638347040598.jpg;1087;327;1135;319;1138;337;1091;345;@85.08
1638347040598.jpg;1201;308;1257;299;1260;318;1204;327;@雷秀华
1638347040598.jpg;145;501;183;494;185;514;147;520;@审核
1638347040598.jpg;251;484;300;476;302;494;253;503;@85.64
1638347040598.jpg;357;466;415;457;417;476;360;485;@朱秀华
1638347040598.jpg;473;448;530;438;533;457;475;466;@646537
1638347040598.jpg;597;427;626;423;629;441;600;446;@0.8
1638347040598.jpg;693;412;750;402;753;421;696;430;@裴春梅
1638347040598.jpg;807;393;845;387;848;405;810;412;@80.2
1638347040598.jpg;892;379;968;366;971;385;895;397;@炒水蛇片
1638347040598.jpg;1006;360;1044;354;1047;372;1010;379;@57.5
1638347040598.jpg;1092;346;1148;336;1151;355;1095;365;@盛桂芝
1638347040598.jpg;1214;327;1252;320;1255;338;1217;344;@0.89
1638347040598.jpg;127;525;205;512;207;531;130;543;@收件地址
1638347040598.jpg;254;504;312;494;314;514;256;523;@824.22
1638347040598.jpg;369;484;408;478;411;497;372;504;@0.92
1638347040598.jpg;485;466;523;459;526;478;488;484;@25.3
1638347040598.jpg;590;449;648;439;650;458;593;467;@321695
1638347040598.jpg;705;430;743;423;746;442;708;449;@王芳
1638347040598.jpg;801;414;858;405;861;423;804;433;@825.97
1638347040598.jpg;905;397;962;388;965;406;908;416;@108.79
1638347040598.jpg;1000;381;1057;372;1060;391;1004;400;@966965
1638347040598.jpg;1105;364;1142;358;1146;377;1108;383;@9.48
1638347040598.jpg;1217;345;1256;339;1259;358;1221;364;@赖鑫
1638347040598.jpg;149;541;188;535;191;554;151;561;@送货
1638347040598.jpg;256;524;304;516;306;535;258;543;@90.53
1638347040598.jpg;362;507;420;496;423;516;364;526;@朱秀华
1638347040598.jpg;478;487;535;478;538;496;481;507;@邵桂芳
1638347040598.jpg;603;467;641;460;644;479;605;485;@0.87
1638347040598.jpg;708;449;746;443;749;462;711;468;@11.7
1638347040598.jpg;814;432;851;426;855;445;817;451;@0.97
1638347040598.jpg;908;417;966;407;969;426;912;435;@450783
1638347040598.jpg;1004;401;1060;392;1064;410;1007;420;@陈秀兰
1638347040598.jpg;1108;384;1146;378;1149;396;1112;403;@范畅
1638347040598.jpg;1212;367;1269;357;1273;376;1215;385;@406746
1638347040598.jpg;131;565;209;552;211;571;134;584;@发件电话
1638347040598.jpg;258;544;316;534;319;553;261;564;@方桂芝
1638347040598.jpg;364;527;423;517;425;536;367;545;@703593
1638347040598.jpg;490;506;528;499;531;519;493;525;@赵想
1638347040598.jpg;597;488;644;480;647;499;598;508;@43.17
1638347040598.jpg;702;471;759;461;762;480;704;490;@115.98
1638347040598.jpg;807;454;855;446;858;465;810;472;@142.3
1638347040598.jpg;912;436;960;429;963;447;915;455;@62.03
1638347040598.jpg;1007;421;1064;411;1067;430;1010;440;@138.28
1638347040598.jpg;1112;404;1149;397;1153;416;1115;422;@支洁
1638347040598.jpg;1216;386;1273;377;1276;396;1219;405;@李秀梅
1638347040598.jpg;153;582;193;575;195;594;155;602;@品名
1638347040598.jpg;270;563;309;556;311;575;273;582;@马静
1638347040598.jpg;376;545;416;538;418;558;379;565;@0.89
1638347040598.jpg;483;528;532;520;534;538;486;546;@30.38
1638347040598.jpg;599;509;657;498;660;518;602;528;@591937
1638347040598.jpg;714;489;753;483;756;503;717;509;@杨欣
1638347040598.jpg;810;473;867;464;871;483;813;492;@918.67
1638347040598.jpg;916;456;973;447;976;466;919;475;@吴玉梅
1638347040598.jpg;1010;441;1059;433;1062;451;1014;459;@28.27
1638347040598.jpg;1115;423;1154;417;1156;436;1119;442;@何想
1638347040598.jpg;1220;406;1276;397;1280;415;1224;425;@甄桂珍
1638347040598.jpg;155;602;195;595;197;615;157;621;@品名
1638347040598.jpg;263;584;321;575;323;594;265;604;@514725
1638347040598.jpg;380;566;418;559;421;578;382;584;@王鹏
1638347040598.jpg;486;547;544;538;546;558;488;567;@184.99
1638347040598.jpg;612;527;650;521;653;539;615;546;@范磊
1638347040598.jpg;717;510;756;503;759;522;720;529;@0.97
1638347040598.jpg;813;493;871;484;874;503;816;513;@429.97
1638347040598.jpg;919;476;976;467;979;485;922;495;@包凤兰
1638347040598.jpg;1014;460;1072;451;1075;470;1017;479;@764.19
1638347040598.jpg;1119;443;1157;437;1161;456;1122;462;@张畅
1638347040598.jpg;1224;426;1280;416;1284;435;1227;445;@次日达
1638347040598.jpg;129;627;227;611;229;631;131;647;@托运人签字
1638347040598.jpg;265;605;314;596;317;616;267;624;@65.43
1638347040598.jpg;382;585;421;579;423;599;385;605;@3.23
1638347040598.jpg;488;568;547;559;550;577;491;587;@243.48
1638347040598.jpg;615;547;653;540;656;560;617;566;@王宇
1638347040598.jpg;720;530;759;523;762;542;723;548;@0.88
1638347040598.jpg;826;512;865;506;868;525;829;531;@0.94
1638347040598.jpg;922;496;979;486;983;506;926;515;@350.52
1638347040598.jpg;1027;478;1065;472;1069;491;1030;497;@2.46
1638347040598.jpg;1113;464;1171;455;1174;474;1116;483;@何淑华
1638347040598.jpg;1227;446;1275;438;1278;457;1231;464;@42.83
1638347040598.jpg;141;646;219;634;221;652;143;666;@收件地址
1638347040598.jpg;277;623;317;617;319;637;279;643;@0.98
1638347040598.jpg;375;608;433;598;435;617;377;626;@356.39
1638347040598.jpg;492;588;540;580;543;600;494;608;@50.04
1638347040598.jpg;608;569;656;561;658;580;610;588;@62.62
1638347040598.jpg;724;549;762;543;765;563;727;569;@李洁
1638347040598.jpg;820;534;878;524;881;543;823;552;@陈桂荣
1638347040598.jpg;926;516;983;507;986;526;929;535;@葛淑兰
1638347040598.jpg;1040;497;1059;494;1063;513;1043;516;@82
1638347040598.jpg;1117;484;1165;476;1168;495;1120;504;@65.58
1638347040598.jpg;1241;464;1278;458;1282;476;1245;483;@66.9
1638347040598.jpg;143;667;221;653;223;673;145;687;@收件信息
1638347040598.jpg;269;646;329;636;331;655;272;665;@龙虎斗
1638347040598.jpg;377;627;435;618;438;638;380;647;@王秀兰
1638347040598.jpg;494;609;543;601;545;620;497;627;@53.71
1638347040598.jpg;610;589;668;579;671;599;613;609;@赵玉英
1638347040598.jpg;717;572;775;562;778;581;720;590;@645964
1638347040598.jpg;832;552;871;546;875;565;836;572;@赖敏
1638347040598.jpg;939;535;976;528;980;547;942;553;@王彬
1638347040598.jpg;1035;519;1073;513;1076;531;1038;538;@8.13
1638347040598.jpg;1121;505;1178;494;1182;514;1125;524;@杨桂花
1638347040598.jpg;1235;485;1292;476;1296;494;1239;505;@681.58
1638347040598.jpg;155;686;213;676;215;695;157;706;@审核人
1638347040598.jpg;273;666;331;656;334;676;275;686;@飞龙汤
1638347040598.jpg;380;648;429;640;432;660;382;668;@104.2
1638347040598.jpg;507;627;545;620;548;640;510;647;@80.2
1638347040598.jpg;613;610;662;602;665;620;616;628;@49.19
1638347040598.jpg;740;588;758;585;761;605;743;608;@50
1638347040598.jpg;817;576;894;563;897;582;820;594;@航空禁运
1638347040598.jpg;942;554;981;548;984;568;945;574;@傅平
1638347040598.jpg;1038;539;1076;532;1080;551;1042;558;@0.95
1638347040598.jpg;1125;525;1182;515;1185;534;1128;543;@李桂芳
1638347040598.jpg;1248;504;1287;497;1291;517;1252;523;@31.3
1638347040598.jpg;78;281;1250;93;1337;520;123;722;cell@
1638347040598.jpg;78;281;1250;93;1337;520;123;722;table@1
