1638347112209.jpg;94;303;189;289;190;306;96;322;@托运人签字
1638347112209.jpg;217;284;312;268;315;288;219;303;@提货人签字
1638347112209.jpg;341;264;398;255;400;274;343;283;@审核人
1638347112209.jpg;435;249;511;236;513;256;438;268;@审核时间
1638347112209.jpg;549;230;644;216;646;233;552;249;@托运人签字
1638347112209.jpg;671;211;747;198;749;218;674;230;@发件电话
1638347112209.jpg;775;195;831;185;834;204;778;213;@发件人
1638347112209.jpg;869;179;906;173;909;192;872;197;@品名
1638347112209.jpg;944;167;1019;155;1022;174;947;186;@提货方式
1638347112209.jpg;1046;150;1121;139;1124;158;1049;169;@发件电话
1638347112209.jpg;1149;134;1223;122;1227;141;1152;153;@货运协议
1638347112209.jpg;1270;115;1307;108;1311;126;1273;133;@自提
1638347112209.jpg;124;318;162;312;164;332;126;338;@货物
1638347112209.jpg;248;299;286;293;289;312;250;318;@陈瑜
1638347112209.jpg;353;285;391;279;393;293;354;300;@95.8
1638347112209.jpg;457;265;495;259;498;277;459;283;@刘建
1638347112209.jpg;571;250;627;240;630;255;574;264;@264715
1638347112209.jpg;694;229;731;224;733;238;696;244;@0.84
1638347112209.jpg;778;216;835;207;837;222;781;230;@149.98
1638347112209.jpg;872;201;910;195;912;209;875;216;@81.9
1638347112209.jpg;957;185;1013;175;1016;195;960;203;@张桂芝
1638347112209.jpg;1069;169;1106;164;1110;177;1072;184;@0.81
1638347112209.jpg;1171;150;1208;144;1212;163;1175;168;@杨伟
1638347112209.jpg;1265;138;1320;129;1324;143;1267;152;@147.21
1638347112209.jpg;107;341;184;329;186;348;109;361;@货运协议
1638347112209.jpg;250;318;289;312;291;331;252;338;@马丹
1638347112209.jpg;346;305;403;297;405;311;348;320;@662288
1638347112209.jpg;460;287;498;281;500;296;462;302;@0.84
1638347112209.jpg;573;266;630;257;633;276;576;285;@蒋秀云
1638347112209.jpg;697;249;734;243;737;258;699;263;@31.8
1638347112209.jpg;781;232;837;224;841;243;784;252;@吕玉梅
1638347112209.jpg;866;222;923;213;925;226;869;236;@761615
1638347112209.jpg;969;202;1006;196;1010;215;972;222;@鲁阳
1638347112209.jpg;1063;190;1119;181;1122;195;1065;204;@129.65
1638347112209.jpg;1166;173;1222;165;1224;178;1169;188;@165.04
1638347112209.jpg;1278;155;1315;149;1318;164;1280;169;@0.83
1638347112209.jpg;119;359;176;350;178;370;121;378;@收件人
1638347112209.jpg;252;338;291;331;293;351;255;357;@朱东
1638347112209.jpg;358;323;396;317;398;332;360;338;@55.2
1638347112209.jpg;453;305;510;296;512;315;456;324;@方红梅
1638347112209.jpg;586;284;623;278;626;297;588;303;@潘英
1638347112209.jpg;690;270;747;260;749;275;692;284;@126.98
1638347112209.jpg;785;255;832;247;834;261;787;269;@190.7
1638347112209.jpg;870;241;916;233;918;248;872;256;@35.59
1638347112209.jpg;963;225;1020;217;1022;231;966;240;@857.52
1638347112209.jpg;1066;206;1122;197;1126;216;1070;225;@王红霞
1638347112209.jpg;1170;193;1216;185;1219;199;1172;207;@38.33
1638347112209.jpg;1272;176;1328;167;1331;181;1275;190;@405367
1638347112209.jpg;121;378;178;370;180;389;123;398;@发件人
1638347112209.jpg;245;359;303;349;305;369;248;378;@王红霞
1638347112209.jpg;351;345;408;335;410;350;353;359;@149337
1638347112209.jpg;456;327;504;320;505;334;458;342;@72.24
1638347112209.jpg;580;307;636;299;638;312;581;322;@153.91
1638347112209.jpg;693;289;740;281;743;296;695;303;@29.36
1638347112209.jpg;796;269;835;263;838;283;799;289;@刘英
1638347112209.jpg;873;260;929;251;931;265;875;274;@154.99
1638347112209.jpg;976;243;1014;237;1016;252;979;258;@7.17
1638347112209.jpg;1070;228;1117;221;1120;235;1073;243;@55.03
1638347112209.jpg;1182;207;1220;201;1223;220;1185;226;@申丹
1638347112209.jpg;1275;195;1332;186;1335;200;1279;209;@244.24
1638347112209.jpg;113;399;190;387;192;407;115;419;@发件地址
1638347112209.jpg;258;379;295;374;298;388;259;394;@0.94
1638347112209.jpg;354;364;401;357;403;371;355;378;@97.57
1638347112209.jpg;458;344;515;335;517;355;460;364;@冯桂英
1638347112209.jpg;582;327;629;319;631;334;584;342;@37.93
1638347112209.jpg;705;303;743;298;746;317;708;323;@李磊
1638347112209.jpg;791;290;847;281;850;301;794;309;@冯玉梅
1638347112209.jpg;876;279;932;270;934;285;878;294;@245.94
1638347112209.jpg;970;264;1017;257;1019;271;972;278;@137.6
1638347112209.jpg;1073;244;1129;235;1133;255;1076;263;@王婷婷
1638347112209.jpg;1185;226;1223;220;1227;239;1189;245;@周洋
1638347112209.jpg;1280;214;1336;205;1338;219;1283;228;@120.58
1638347112209.jpg;115;419;192;407;195;426;118;439;@收件电话
1638347112209.jpg;241;399;317;386;319;406;243;419;@西湖醋鱼
1638347112209.jpg;355;380;413;372;416;391;357;400;@金桂荣
1638347112209.jpg;460;367;509;359;510;374;463;381;@691.9
1638347112209.jpg;585;347;642;337;644;352;587;361;@400024
1638347112209.jpg;699;325;755;315;758;335;701;345;@李淑英
1638347112209.jpg;813;309;832;306;834;321;815;324;@68
1638347112209.jpg;888;297;926;291;929;305;891;311;@35.7
1638347112209.jpg;974;283;1020;276;1023;290;976;298;@82.23
1638347112209.jpg;1086;265;1124;259;1126;273;1089;279;@31.3
1638347112209.jpg;1180;247;1236;238;1240;257;1184;266;@张丽丽
1638347112209.jpg;1283;230;1339;221;1343;240;1286;250;@王建平
1638347112209.jpg;108;441;204;425;207;445;110;460;@提货人签字
1638347112209.jpg;252;420;301;412;302;427;255;435;@13.68
1638347112209.jpg;368;401;406;395;408;410;369;416;@1.62
1638347112209.jpg;463;383;520;374;523;392;465;401;@飞龙汤
1638347112209.jpg;596;362;635;356;638;374;599;381;@张畅
1638347112209.jpg;711;346;749;340;751;355;714;361;@0.98
1638347112209.jpg;797;329;853;320;856;339;799;349;@李婷婷
1638347112209.jpg;892;316;930;310;932;325;894;331;@4.58
1638347112209.jpg;976;300;1033;291;1036;310;980;319;@李秀华
1638347112209.jpg;1089;284;1128;278;1130;293;1093;299;@3.23
1638347112209.jpg;1193;267;1231;261;1234;276;1196;282;@0.88
1638347112209.jpg;1296;248;1334;242;1337;261;1299;267;@冯欢
1638347112209.jpg;139;456;178;449;180;469;142;475;@数量
1638347112209.jpg;264;438;303;432;305;447;267;453;@98.1
1638347112209.jpg;370;421;408;415;411;430;372;436;@0.89
1638347112209.jpg;465;402;523;393;526;413;468;422;@白灼虾
1638347112209.jpg;590;385;647;376;650;390;592;400;@176.17
1638347112209.jpg;714;366;752;359;754;374;717;380;@11.3
1638347112209.jpg;800;352;857;342;859;357;802;366;@645964
1638347112209.jpg;885;335;942;325;945;345;888;354;@龙虎斗
1638347112209.jpg;989;320;1027;314;1030;329;992;335;@25.3
1638347112209.jpg;1093;301;1131;295;1134;314;1096;320;@张明
1638347112209.jpg;1187;289;1244;279;1247;294;1191;303;@969090
1638347112209.jpg;1299;267;1337;261;1341;279;1303;286;@刘建
1638347112209.jpg;112;480;209;464;211;483;114;500;@托运人签字
1638347112209.jpg;267;455;305;449;308;469;269;475;@张健
1638347112209.jpg;373;438;411;432;413;451;375;458;@马静
1638347112209.jpg;469;425;526;416;528;431;470;440;@170.98
1638347112209.jpg;603;403;641;397;643;412;604;418;@67.3
1638347112209.jpg;717;382;755;375;758;395;720;401;@刘阳
1638347112209.jpg;812;367;850;361;854;379;815;386;@穆勇
1638347112209.jpg;888;357;946;348;948;363;891;372;@358741
1638347112209.jpg;983;339;1040;329;1043;349;986;358;@万秀珍
1638347112209.jpg;1107;321;1125;318;1128;333;1109;336;@45
1638347112209.jpg;1191;304;1247;296;1250;315;1194;324;@王秀兰
1638347112209.jpg;1295;291;1351;282;1354;296;1297;305;@388.48
1638347112209.jpg;124;499;201;486;203;506;126;519;@收件电话
1638347112209.jpg;270;478;308;471;309;486;271;493;@0.87
1638347112209.jpg;365;462;424;453;425;468;368;477;@103.92
1638347112209.jpg;470;442;529;433;531;452;474;462;@孙春梅
1638347112209.jpg;596;422;653;412;656;432;598;441;@孙凤英
1638347112209.jpg;720;404;758;398;761;413;722;419;@0.88
1638347112209.jpg;805;387;862;378;866;398;808;407;@郭桂芝
1638347112209.jpg;892;376;939;369;941;383;894;391;@82.23
1638347112209.jpg;986;361;1044;352;1046;367;990;375;@114.88
1638347112209.jpg;1081;343;1157;330;1160;350;1085;363;@乐从鱼腐
1638347112209.jpg;1204;325;1242;319;1244;334;1207;340;@4.58
1638347112209.jpg;1317;307;1336;304;1339;318;1320;321;@87
1638347112209.jpg;126;519;203;506;206;526;128;539;@发件地址
1638347112209.jpg;272;499;310;491;312;507;273;513;@6.28
1638347112209.jpg;377;477;415;471;418;491;380;498;@张建
1638347112209.jpg;474;465;522;457;524;472;476;479;@94.63
1638347112209.jpg;608;440;646;434;650;453;611;460;@朱文
1638347112209.jpg;714;426;771;416;774;431;716;440;@147.21
1638347112209.jpg;809;410;866;401;868;415;811;425;@621.75
1638347112209.jpg;895;396;952;386;954;401;897;411;@652.28
1638347112209.jpg;990;380;1038;373;1040;387;993;395;@41.93
1638347112209.jpg;1094;364;1151;355;1154;369;1097;378;@223.55
1638347112209.jpg;1208;345;1246;339;1248;354;1211;360;@11.7
1638347112209.jpg;1311;325;1349;319;1352;339;1315;345;@浦宁
1638347112209.jpg;138;537;196;528;198;548;140;557;@收件人
1638347112209.jpg;273;515;312;509;315;529;275;535;@潘丽
1638347112209.jpg;371;503;419;495;420;510;373;517;@85.42
1638347112209.jpg;476;484;534;475;537;490;479;500;@125.28
1638347112209.jpg;602;464;659;455;661;470;604;479;@890004
1638347112209.jpg;726;441;764;435;767;453;729;460;@刘建
1638347112209.jpg;812;430;869;420;871;435;814;444;@510132
1638347112209.jpg;897;413;955;403;958;422;900;431;@刘小红
1638347112209.jpg;993;397;1050;388;1053;407;996;417;@刘桂花
1638347112209.jpg;1107;381;1146;375;1148;390;1110;396;@0.92
1638347112209.jpg;1212;365;1249;359;1253;374;1214;379;@6.47
1638347112209.jpg;1306;349;1353;341;1356;356;1309;364;@45.09
1638347112209.jpg;140;557;198;548;201;568;142;578;@收件人
1638347112209.jpg;266;540;315;532;317;547;268;554;@64.44
1638347112209.jpg;382;518;421;512;424;531;385;538;@刘阳
1638347112209.jpg;479;505;537;496;539;511;482;520;@692.47
1638347112209.jpg;614;482;652;476;654;491;616;498;@7.17
1638347112209.jpg;729;463;768;457;770;472;731;478;@47.0
1638347112209.jpg;815;449;872;440;876;455;817;464;@783878
1638347112209.jpg;911;434;949;428;952;442;913;449;@40.5
1638347112209.jpg;986;418;1063;406;1066;426;990;438;@北京烤鸭
1638347112209.jpg;1101;402;1159;393;1161;408;1104;417;@501728
1638347112209.jpg;1206;382;1262;374;1266;393;1209;402;@冯玉梅
1638347112209.jpg;1300;368;1375;355;1379;374;1303;386;@乐从鱼腐
1638347112209.jpg;142;578;201;568;203;588;144;597;@发件人
1638347112209.jpg;279;555;317;549;319;569;281;576;@潘丽
1638347112209.jpg;385;538;424;531;426;551;387;557;@张玲
1638347112209.jpg;481;525;530;517;532;532;484;540;@612.8
1638347112209.jpg;617;503;645;498;648;513;619;518;@0.8
1638347112209.jpg;722;485;781;475;783;490;725;501;@101778
1638347112209.jpg;818;466;876;457;879;477;821;486;@唐丽娟
1638347112209.jpg;905;452;962;443;965;462;908;472;@李红梅
1638347112209.jpg;1000;439;1048;432;1051;446;1003;454;@13.47
1638347112209.jpg;1104;422;1153;414;1155;429;1108;437;@61.11
1638347112209.jpg;1209;402;1266;393;1270;412;1213;422;@吕玉梅
1638347112209.jpg;1313;385;1370;375;1374;395;1317;405;@刘秀荣
1638347112209.jpg;125;601;222;585;224;604;127;620;@托运人签字
1638347112209.jpg;271;580;320;572;322;587;273;595;@38.37
1638347112209.jpg;377;559;436;550;439;570;381;580;@金桂荣
1638347112209.jpg;484;542;542;532;545;552;487;561;@龙虎斗
1638347112209.jpg;610;521;668;512;670;532;613;541;@李秀华
1638347112209.jpg;735;504;774;498;776;513;738;519;@31.3
1638347112209.jpg;821;489;880;480;882;495;824;505;@279.73
1638347112209.jpg;917;470;955;464;958;484;921;490;@桑旭
1638347112209.jpg;1003;456;1061;447;1064;466;1006;475;@双皮奶
1638347112209.jpg;1109;442;1166;433;1168;447;1111;457;@857.52
1638347112209.jpg;1213;425;1270;415;1273;430;1216;440;@375.08
1638347112209.jpg;1318;408;1374;398;1377;413;1320;422;@514725
1638347112209.jpg;156;617;195;609;198;630;159;636;@总价
1638347112209.jpg;273;600;332;590;334;605;276;616;@104.29
1638347112209.jpg;389;578;429;572;431;592;393;598;@向娜
1638347112209.jpg;488;564;536;557;537;572;489;580;@35.59
1638347112209.jpg;623;540;661;533;664;553;625;559;@段洁
1638347112209.jpg;728;522;786;513;789;533;731;542;@王秀兰
1638347112209.jpg;834;508;873;502;875;517;837;523;@66.9
1638347112209.jpg;921;490;958;484;962;505;924;511;@杨伟
1638347112209.jpg;1007;476;1064;467;1067;486;1010;497;@李婷婷
1638347112209.jpg;1112;462;1169;452;1172;467;1115;477;@390917
1638347112209.jpg;1216;442;1273;432;1277;452;1220;461;@盛桂芝
1638347112209.jpg;1321;424;1378;415;1382;435;1325;444;@黄金凤
1638347112209.jpg;139;640;217;627;219;648;141;660;@支付方式
1638347112209.jpg;276;621;335;610;336;626;278;635;@272.78
1638347112209.jpg;393;598;431;592;434;612;395;619;@张成
1638347112209.jpg;470;585;567;570;570;589;473;605;@凤城酿节瓜
1638347112209.jpg;625;562;664;556;666;572;627;578;@35.7
1638347112209.jpg;742;544;780;537;782;552;744;558;@9.48
1638347112209.jpg;837;528;876;522;878;536;840;543;@0.94
1638347112209.jpg;914;512;971;503;975;523;917;532;@王红霞
1638347112209.jpg;1010;500;1059;491;1061;507;1013;515;@37.93
1638347112209.jpg;1124;477;1163;471;1167;490;1128;498;@唐燕
1638347112209.jpg;1220;464;1268;456;1271;471;1224;479;@296.1
1638347112209.jpg;1325;447;1382;438;1386;453;1328;462;@464360
1638347112209.jpg;151;659;210;649;212;669;153;679;@收件人
1638347112209.jpg;278;638;337;629;339;649;280;658;@王丽娟
1638347112209.jpg;385;623;435;615;436;630;388;638;@42.47
1638347112209.jpg;493;605;551;596;553;610;494;621;@459573
1638347112209.jpg;628;583;667;577;669;592;631;598;@13.4
1638347112209.jpg;745;563;783;557;786;573;747;579;@62.2
1638347112209.jpg;831;549;889;540;891;555;834;564;@178957
1638347112209.jpg;918;535;966;527;968;542;920;550;@74.33
1638347112209.jpg;1033;516;1052;513;1055;528;1035;531;@73
1638347112209.jpg;1118;499;1176;489;1180;510;1123;519;@炖禾虫
1638347112209.jpg;1224;481;1281;472;1284;490;1227;501;@赵玉兰
1638347112209.jpg;1319;465;1395;453;1399;473;1323;485;@乐从鱼腐
1638347112209.jpg;153;679;212;669;214;690;155;699;@收件人
1638347112209.jpg;280;658;339;649;342;668;282;678;@包凤兰
1638347112209.jpg;388;643;447;634;449;649;390;659;@783878
1638347112209.jpg;505;621;543;615;546;635;508;641;@薛想
1638347112209.jpg;631;600;669;594;673;614;634;621;@李丽
1638347112209.jpg;738;583;795;573;798;593;741;602;@刘桂花
1638347112209.jpg;835;570;882;561;885;577;837;585;@45.09
1638347112209.jpg;930;550;969;544;972;564;933;571;@林丹
1638347112209.jpg;1027;538;1065;531;1068;546;1030;552;@1.36
1638347112209.jpg;1123;519;1180;510;1183;529;1126;539;@石兰英
1638347112209.jpg;1227;502;1285;491;1289;512;1231;522;@炖禾虫
1638347112209.jpg;1333;487;1391;477;1393;492;1336;502;@307237
1638347112209.jpg;165;698;204;691;207;712;167;718;@折扣
1638347112209.jpg;283;682;342;671;344;687;285;697;@560165
1638347112209.jpg;390;661;449;651;452;671;393;681;@金桂荣
1638347112209.jpg;498;645;556;636;559;652;500;661;@976947
1638347112209.jpg;625;625;673;617;675;632;627;640;@61.12
1638347112209.jpg;741;605;790;598;792;613;743;621;@17.56
1638347112209.jpg;838;590;886;582;889;597;840;605;@25.01
1638347112209.jpg;925;576;982;565;984;581;927;590;@681.58
1638347112209.jpg;1021;559;1079;550;1081;564;1023;575;@173.96
1638347112209.jpg;1136;540;1175;534;1177;549;1138;555;@67.3
1638347112209.jpg;1232;525;1279;517;1283;532;1234;539;@113.0
1638347112209.jpg;1337;507;1385;500;1387;514;1340;522;@57.73
1638347112209.jpg;167;718;207;712;209;733;169;739;@现付
1638347112209.jpg;285;702;334;694;337;710;287;717;@98.88
1638347112209.jpg;394;684;452;674;454;690;395;699;@138.32
1638347112209.jpg;500;666;560;657;561;672;503;682;@387.93
1638347112209.jpg;628;645;686;635;688;651;629;661;@285.47
1638347112209.jpg;753;622;792;615;795;635;756;641;@黎杨
1638347112209.jpg;841;609;898;600;902;616;843;625;@424.32
1638347112209.jpg;928;595;985;586;989;601;930;610;@652.45
1638347112209.jpg;1014;578;1091;565;1095;586;1017;598;@黄埔炒蛋
1638347112209.jpg;1139;557;1177;551;1181;571;1143;578;@喻玲
1638347112209.jpg;1236;544;1293;535;1296;550;1238;559;@133.72
1638347112209.jpg;1340;524;1397;515;1402;535;1344;544;@张志强
1638347112209.jpg;759;186;844;172;918;625;830;639;cell@
1638347112209.jpg;843;172;929;159;1005;610;917;625;cell@
1638347112209.jpg;533;223;657;202;725;658;597;679;cell@
1638347112209.jpg;202;275;326;256;383;714;255;736;cell@
1638347112209.jpg;1133;126;1236;109;1323;558;1217;576;cell@
1638347112209.jpg;928;159;1032;143;1112;593;1004;610;cell@
1638347112209.jpg;1031;143;1134;125;1218;576;1111;593;cell@
1638347112209.jpg;78;296;203;275;256;736;126;757;cell@
1638347112209.jpg;325;256;412;242;471;699;382;714;cell@
1638347112209.jpg;1235;109;1339;93;1429;540;1322;558;cell@
1638347112209.jpg;656;202;760;186;831;639;724;658;cell@
1638347112209.jpg;411;242;534;223;598;679;470;699;cell@
1638347112209.jpg;78;296;1339;93;1429;540;126;757;table@1
