1638347019919.jpg;134;106;210;113;207;132;132;124;@货运协议
1638347019919.jpg;238;116;332;127;329;145;235;135;@托运人签字
1638347019919.jpg;360;130;455;139;453;158;358;148;@托运人签字
1638347019919.jpg;501;145;539;149;537;167;499;163;@货物
1638347019919.jpg;597;155;635;159;632;177;594;173;@月结
1638347019919.jpg;691;165;729;169;727;188;689;183;@总价
1638347019919.jpg;777;174;852;182;850;200;775;193;@收件电话
1638347019919.jpg;881;185;957;194;956;212;879;203;@收件电话
1638347019919.jpg;1004;198;1062;204;1060;223;1003;217;@收件人
1638347019919.jpg;1110;209;1168;216;1166;235;1108;228;@收件人
1638347019919.jpg;1205;220;1244;224;1242;242;1204;239;@送货
1638347019919.jpg;1282;228;1358;237;1357;254;1281;246;@收件信息
1638347019919.jpg;1397;241;1455;246;1454;265;1396;259;@审核人
1638347019919.jpg;150;127;188;131;185;149;147;145;@申丹
1638347019919.jpg;254;137;301;142;298;161;251;156;@21.59
1638347019919.jpg;377;151;433;157;431;175;374;169;@王红霞
1638347019919.jpg;490;163;547;169;544;188;487;181;@祝桂珍
1638347019919.jpg;585;173;641;179;639;198;583;192;@刘小红
1638347019919.jpg;689;184;727;188;725;206;687;202;@罗亮
1638347019919.jpg;784;195;841;200;839;219;782;213;@欧建华
1638347019919.jpg;889;205;937;210;935;229;887;224;@93.35
1638347019919.jpg;1012;219;1051;223;1049;242;1011;238;@0.87
1638347019919.jpg;1109;229;1165;236;1164;253;1107;247;@冯丽丽
1638347019919.jpg;1194;239;1252;244;1251;263;1193;257;@曾丽华
1638347019919.jpg;1300;249;1338;253;1337;272;1299;268;@王鹏
1638347019919.jpg;1396;260;1444;265;1444;284;1395;279;@13.33
1638347019919.jpg;147;146;185;150;182;168;144;165;@杨静
1638347019919.jpg;251;157;298;162;295;180;249;175;@82.26
1638347019919.jpg;364;169;441;177;438;196;362;188;@航空禁运
1638347019919.jpg;497;183;535;187;533;205;494;201;@83.0
1638347019919.jpg;592;194;629;198;627;216;590;212;@0.92
1638347019919.jpg;668;201;744;209;742;228;665;220;@无为熏鸭
1638347019919.jpg;773;213;848;221;847;240;771;232;@无为熏鸭
1638347019919.jpg;896;226;935;230;933;248;895;244;@赵博
1638347019919.jpg;1001;238;1059;243;1058;262;1000;256;@李小红
1638347019919.jpg;1117;249;1154;253;1153;272;1115;268;@曾琴
1638347019919.jpg;1203;259;1241;263;1240;282;1201;278;@黄斌
1638347019919.jpg;1290;268;1337;273;1336;292;1289;287;@67.61
1638347019919.jpg;1405;281;1444;285;1443;304;1404;300;@8.13
1638347019919.jpg;144;165;182;169;179;188;141;183;@李涛
1638347019919.jpg;249;176;305;182;302;200;246;195;@王建军
1638347019919.jpg;371;190;428;196;425;214;369;208;@陈秀云
1638347019919.jpg;494;202;532;206;530;225;492;221;@翟成
1638347019919.jpg;590;213;627;217;625;236;588;232;@黄明
1638347019919.jpg;685;223;723;227;721;245;682;242;@97.5
1638347019919.jpg;789;235;827;239;826;257;787;252;@31.8
1638347019919.jpg;885;244;933;249;932;268;883;263;@45.56
1638347019919.jpg;1000;257;1058;263;1056;282;998;275;@109.82
1638347019919.jpg;1106;268;1153;273;1152;292;1104;287;@75.18
1638347019919.jpg;1192;277;1240;283;1239;302;1191;296;@104.1
1638347019919.jpg;1289;288;1336;293;1335;312;1288;307;@267.7
1638347019919.jpg;1394;299;1453;306;1452;325;1393;318;@580.58
1638347019919.jpg;132;183;179;189;176;206;129;201;@507.3
1638347019919.jpg;254;197;292;200;290;219;252;215;@朱文
1638347019919.jpg;369;208;425;215;422;234;366;227;@林秀梅
1638347019919.jpg;482;221;540;227;537;245;480;240;@双皮奶
1638347019919.jpg;578;231;635;238;632;256;576;249;@张桂芝
1638347019919.jpg;673;242;721;246;719;265;671;260;@53.71
1638347019919.jpg;778;252;835;259;833;278;776;271;@方桂芝
1638347019919.jpg;903;266;922;268;920;287;901;285;@47
1638347019919.jpg;998;276;1056;283;1055;302;997;295;@144.41
1638347019919.jpg;1103;288;1162;294;1160;313;1103;307;@郭桂芝
1638347019919.jpg;1200;298;1239;303;1238;322;1199;317;@王东
1638347019919.jpg;1287;308;1345;314;1344;333;1286;327;@489.67
1638347019919.jpg;1403;320;1442;325;1441;343;1402;339;@唐燕
1638347019919.jpg;129;202;186;209;183;227;126;221;@148.03
1638347019919.jpg;261;217;280;219;277;238;258;236;@52
1638347019919.jpg;366;228;413;234;410;252;363;246;@18.71
1638347019919.jpg;470;240;547;247;545;266;468;258;@腊味合蒸
1638347019919.jpg;575;250;632;257;630;276;572;269;@陈桂荣
1638347019919.jpg;680;262;719;266;717;285;678;281;@0.99
1638347019919.jpg;776;272;833;279;832;298;774;291;@196.64
1638347019919.jpg;891;285;929;289;927;308;890;304;@耿梅
1638347019919.jpg;1006;297;1045;302;1043;320;1005;316;@7.42
1638347019919.jpg;1102;308;1151;313;1149;332;1101;327;@26.02
1638347019919.jpg;1189;317;1248;324;1246;342;1188;336;@293510
1638347019919.jpg;1286;328;1334;333;1333;352;1284;347;@21.59
1638347019919.jpg;1402;340;1440;344;1441;363;1401;359;@冯欢
1638347019919.jpg;126;222;173;227;170;245;123;241;@94.89
1638347019919.jpg;239;235;296;241;294;259;236;253;@刘桂花
1638347019919.jpg;363;247;410;253;408;271;361;266;@57.73
1638347019919.jpg;477;260;535;266;533;285;475;279;@126.98
1638347019919.jpg;582;271;621;275;618;294;580;290;@35.7
1638347019919.jpg;678;282;717;286;715;305;676;301;@25.3
1638347019919.jpg;793;294;812;296;810;315;791;313;@89
1638347019919.jpg;880;304;927;309;926;328;878;323;@26.02
1638347019919.jpg;995;316;1053;323;1052;341;993;335;@196.64
1638347019919.jpg;1101;328;1159;334;1158;353;1099;347;@205.09
1638347019919.jpg;1188;337;1237;342;1236;361;1187;356;@81.54
1638347019919.jpg;1294;349;1333;353;1332;372;1293;368;@张彬
1638347019919.jpg;1402;360;1440;364;1439;383;1401;379;@2.24
1638347019919.jpg;123;242;179;247;176;266;120;260;@陈秀兰
1638347019919.jpg;246;255;284;259;281;278;243;274;@57.5
1638347019919.jpg;360;267;417;273;415;292;357;286;@854702
1638347019919.jpg;475;280;532;286;529;305;473;299;@986262
1638347019919.jpg;570;290;628;296;626;315;568;309;@邵桂芳
1638347019919.jpg;686;303;704;305;702;324;684;322;@74
1638347019919.jpg;772;312;820;317;818;336;770;331;@57.91
1638347019919.jpg;887;325;926;329;924;348;885;344;@25.3
1638347019919.jpg;1003;337;1042;341;1041;360;1002;356;@23.6
1638347019919.jpg;1099;348;1148;353;1147;372;1098;367;@70.78
1638347019919.jpg;1187;357;1244;363;1243;382;1186;376;@166.77
1638347019919.jpg;1293;369;1332;373;1331;392;1292;387;@0.98
1638347019919.jpg;1401;380;1439;384;1438;403;1400;399;@0.92
1638347019919.jpg;129;262;166;266;163;285;126;281;@杨明
1638347019919.jpg;233;273;291;280;288;299;231;292;@474413
1638347019919.jpg;357;287;405;292;403;311;355;306;@54.69
1638347019919.jpg;482;301;520;305;517;324;480;320;@9.03
1638347019919.jpg;568;310;616;315;614;334;566;329;@32.36
1638347019919.jpg;664;321;721;327;719;346;662;339;@包凤兰
1638347019919.jpg;779;333;818;337;816;356;778;352;@0.81
1638347019919.jpg;885;345;924;349;922;368;883;363;@98.1
1638347019919.jpg;992;356;1049;362;1048;381;990;375;@万秀珍
1638347019919.jpg;1098;368;1156;374;1155;393;1097;386;@龙虎斗
1638347019919.jpg;1205;379;1224;381;1223;400;1204;398;@77
1638347019919.jpg;1302;389;1322;392;1320;410;1301;408;@52
1638347019919.jpg;1389;399;1438;404;1437;423;1389;418;@28.27
1638347019919.jpg;126;282;163;286;160;305;123;301;@范畅
1638347019919.jpg;240;294;279;299;276;317;237;313;@杨明
1638347019919.jpg;364;308;403;312;400;331;361;327;@程萍
1638347019919.jpg;470;319;517;325;515;344;468;338;@61.94
1638347019919.jpg;575;331;614;335;612;354;573;350;@87.9
1638347019919.jpg;671;341;710;346;708;365;669;360;@6.28
1638347019919.jpg;768;352;816;357;814;376;766;371;@82.26
1638347019919.jpg;874;363;932;370;930;389;872;382;@141.55
1638347019919.jpg;971;374;1067;384;1066;403;969;393;@清蒸武昌鱼
1638347019919.jpg;1106;388;1145;393;1144;412;1105;407;@魏晶
1638347019919.jpg;1184;397;1232;402;1231;421;1183;416;@62.62
1638347019919.jpg;1281;407;1340;414;1339;432;1280;426;@369.18
1638347019919.jpg;1378;418;1457;426;1456;445;1377;437;@顶骨大鳝
1638347019919.jpg;113;301;170;307;167;326;110;320;@王婷婷
1638347019919.jpg;228;313;285;320;283;338;225;332;@陈桂花
1638347019919.jpg;352;327;410;333;407;352;349;346;@142.16
1638347019919.jpg;486;341;505;344;503;362;484;360;@55
1638347019919.jpg;583;352;602;354;600;373;580;371;@39
1638347019919.jpg;659;360;708;366;706;384;657;379;@82.26
1638347019919.jpg;766;372;823;378;821;397;764;391;@636079
1638347019919.jpg;872;383;930;390;929;408;870;402;@164.88
1638347019919.jpg;979;395;1056;403;1055;422;977;414;@腊味合蒸
1638347019919.jpg;1095;407;1154;414;1153;432;1094;426;@农小红
1638347019919.jpg;1182;417;1241;423;1240;442;1181;436;@139611
1638347019919.jpg;1280;427;1329;432;1328;451;1279;446;@267.7
1638347019919.jpg;1387;439;1436;444;1436;464;1386;459;@82.26
1638347019919.jpg;119;322;157;326;154;345;116;341;@潘丽
1638347019919.jpg;234;334;273;338;270;357;232;353;@47.0
1638347019919.jpg;359;348;397;352;395;371;356;367;@11.3
1638347019919.jpg;474;360;513;364;510;383;471;379;@朱欣
1638347019919.jpg;571;371;609;375;607;394;568;390;@任荣
1638347019919.jpg;657;380;715;386;713;405;655;399;@郑秀芳
1638347019919.jpg;764;392;821;398;819;417;762;411;@177.47
1638347019919.jpg;870;403;919;408;917;427;868;422;@26.52
1638347019919.jpg;996;417;1035;421;1034;440;994;436;@7.42
1638347019919.jpg;1094;427;1153;433;1151;452;1092;446;@吕玉梅
1638347019919.jpg;1191;438;1230;442;1229;462;1190;458;@李琴
1638347019919.jpg;1279;447;1328;452;1327;472;1278;467;@27.06
1638347019919.jpg;1386;460;1446;466;1445;485;1385;478;@170.06
1638347019919.jpg;116;342;154;346;151;365;113;360;@90.6
1638347019919.jpg;212;352;288;360;286;379;209;371;@北京烤鸭
1638347019919.jpg;356;368;395;372;392;391;353;387;@31.8
1638347019919.jpg;462;379;520;385;517;404;459;398;@121.04
1638347019919.jpg;559;390;607;395;605;414;556;409;@95.26
1638347019919.jpg;655;400;713;406;711;425;653;419;@621251
1638347019919.jpg;762;412;819;418;818;437;760;430;@陆秀兰
1638347019919.jpg;868;423;917;428;915;447;866;442;@85.42
1638347019919.jpg;985;436;1034;441;1032;461;983;456;@61.11
1638347019919.jpg;1092;447;1150;453;1149;473;1091;467;@王玉兰
1638347019919.jpg;1180;458;1239;464;1238;483;1178;476;@杨桂花
1638347019919.jpg;1278;468;1336;474;1335;493;1277;487;@邵桂芳
1638347019919.jpg;1386;479;1445;486;1444;506;1385;498;@盛桂芝
1638347019919.jpg;113;361;151;366;148;384;110;380;@0.89
1638347019919.jpg;219;373;276;379;273;398;216;392;@1202.9
1638347019919.jpg;353;388;392;392;390;411;351;406;@方林
1638347019919.jpg;459;399;517;405;515;424;457;418;@双皮奶
1638347019919.jpg;556;410;604;415;602;434;554;428;@202.8
1638347019919.jpg;662;421;701;425;699;444;660;440;@唐燕
1638347019919.jpg;760;431;808;437;806;457;758;450;@93.35
1638347019919.jpg;876;444;915;448;914;468;874;464;@何想
1638347019919.jpg;993;458;1022;461;1021;480;991;476;@4.5
1638347019919.jpg;1091;468;1149;474;1148;493;1090;487;@313.77
1638347019919.jpg;1179;477;1228;483;1227;503;1177;496;@25.01
1638347019919.jpg;1277;488;1325;493;1324;513;1276;508;@774.5
1638347019919.jpg;1394;501;1434;506;1433;524;1394;520;@0.81
1638347019919.jpg;100;380;148;385;145;404;97;399;@66.74
1638347019919.jpg;216;393;273;399;270;418;213;412;@600575
1638347019919.jpg;341;406;398;413;396;432;338;425;@张志强
1638347019919.jpg;466;420;505;424;503;443;464;439;@2.24
1638347019919.jpg;554;429;611;436;609;456;552;448;@890846
1638347019919.jpg;650;440;709;446;707;466;648;460;@李秀华
1638347019919.jpg;757;451;816;459;814;478;755;471;@129.34
1638347019919.jpg;884;466;904;468;902;487;883;485;@10
1638347019919.jpg;972;475;1050;484;1049;504;970;494;@东安子鸡
1638347019919.jpg;1090;488;1138;493;1136;513;1088;508;@38.33
1638347019919.jpg;1177;497;1236;505;1235;523;1176;517;@180.93
1638347019919.jpg;1276;509;1334;515;1333;535;1275;528;@刘桂花
1638347019919.jpg;1384;520;1443;527;1442;546;1383;540;@农小红
1638347019919.jpg;97;400;155;406;152;425;94;419;@153.48
1638347019919.jpg;222;414;261;418;258;437;219;433;@赵博
1638347019919.jpg;338;426;396;433;393;451;336;445;@吕春梅
1638347019919.jpg;454;439;513;445;510;465;452;459;@390416
1638347019919.jpg;552;449;609;457;607;475;549;469;@112.74
1638347019919.jpg;658;462;697;466;695;485;656;481;@0.86
1638347019919.jpg;755;472;814;479;812;497;753;491;@155.49
1638347019919.jpg;873;485;911;489;909;509;871;505;@83.0
1638347019919.jpg;990;497;1029;503;1028;521;988;517;@邓霞
1638347019919.jpg;1087;509;1146;515;1145;535;1087;528;@645964
1638347019919.jpg;1176;518;1225;523;1224;543;1175;538;@61.69
1638347019919.jpg;1274;529;1333;536;1332;555;1273;549;@唐丽娟
1638347019919.jpg;1383;541;1442;547;1442;567;1382;560;@253.71
1638347019919.jpg;123;93;1480;239;1466;581;68;427;cell@
1638347019919.jpg;123;93;1480;239;1466;581;68;427;table@1
