1638347086904.jpg;100;232;195;223;197;242;101;251;@提货人签字
1638347086904.jpg;224;221;282;215;282;235;226;239;@收件人
1638347086904.jpg;310;213;386;207;387;226;311;233;@发件地址
1638347086904.jpg;424;203;481;198;483;217;426;222;@发件人
1638347086904.jpg;529;194;586;188;587;208;530;213;@审核人
1638347086904.jpg;624;185;700;179;702;198;625;205;@收件电话
1638347086904.jpg;729;176;805;169;806;188;730;195;@审核时间
1638347086904.jpg;842;166;880;162;882;181;844;184;@自提
1638347086904.jpg;918;159;994;153;996;172;920;179;@发件电话
1638347086904.jpg;1032;149;1070;146;1072;164;1034;167;@品名
1638347086904.jpg;1127;141;1184;136;1186;155;1129;160;@发件人
1638347086904.jpg;1241;131;1297;126;1299;145;1243;150;@发件人
1638347086904.jpg;1334;123;1410;116;1413;135;1337;142;@收件电话
1638347086904.jpg;1467;111;1505;108;1507;127;1470;130;@月结
1638347086904.jpg;102;270;197;262;198;281;103;290;@提货人签字
1638347086904.jpg;227;262;274;258;275;272;227;276;@82.52
1638347086904.jpg;322;251;379;245;380;265;323;270;@高秀梅
1638347086904.jpg;427;244;475;240;476;255;428;259;@42.83
1638347086904.jpg;522;233;598;226;600;245;524;252;@黄埔炒蛋
1638347086904.jpg;646;225;684;222;685;237;647;239;@0.85
1638347086904.jpg;751;215;789;212;790;227;752;230;@35.7
1638347086904.jpg;846;208;884;204;885;218;847;222;@0.81
1638347086904.jpg;941;199;979;196;980;209;942;213;@31.8
1638347086904.jpg;1036;190;1074;187;1076;202;1038;205;@6.25
1638347086904.jpg;1112;181;1206;173;1208;192;1114;200;@顺德草鱼肠
1638347086904.jpg;1245;172;1292;168;1294;183;1246;186;@35.59
1638347086904.jpg;1349;163;1406;158;1407;172;1350;178;@152.62
1638347086904.jpg;1463;153;1519;148;1521;162;1464;167;@313.77
1638347086904.jpg;123;307;180;302;182;322;124;327;@发件人
1638347086904.jpg;238;300;276;297;277;311;239;314;@8.13
1638347086904.jpg;334;292;373;288;373;302;335;306;@2.46
1638347086904.jpg;439;282;477;279;478;294;440;297;@35.7
1638347086904.jpg;535;270;591;266;593;285;535;290;@谢秀英
1638347086904.jpg;639;265;687;260;689;274;641;279;@541.3
1638347086904.jpg;744;252;802;247;803;267;746;271;@陆秀兰
1638347086904.jpg;850;246;887;242;889;257;851;261;@79.7
1638347086904.jpg;935;238;983;234;984;248;937;253;@19.31
1638347086904.jpg;1030;230;1078;226;1079;240;1031;244;@202.8
1638347086904.jpg;1134;220;1182;216;1184;231;1136;235;@24.75
1638347086904.jpg;1249;208;1306;203;1307;222;1251;227;@向凤英
1638347086904.jpg;1343;199;1419;192;1421;211;1345;218;@航空禁运
1638347086904.jpg;1467;191;1514;187;1516;202;1468;206;@691.9
1638347086904.jpg;116;347;192;340;193;360;117;366;@货运协议
1638347086904.jpg;240;336;278;333;280;352;241;355;@李琴
1638347086904.jpg;326;328;384;323;385;342;328;347;@张玉英
1638347086904.jpg;432;322;480;317;481;332;433;337;@52.68
1638347086904.jpg;537;312;585;308;586;323;539;327;@48.62
1638347086904.jpg;652;302;691;299;691;313;653;317;@0.81
1638347086904.jpg;748;294;805;289;807;303;749;308;@703593
1638347086904.jpg;843;285;891;281;892;296;844;300;@42.47
1638347086904.jpg;939;274;995;268;997;288;940;294;@张桂芝
1638347086904.jpg;1033;266;1091;261;1093;280;1036;285;@欧建华
1638347086904.jpg;1148;255;1186;252;1188;271;1149;274;@马军
1638347086904.jpg;1253;249;1300;244;1302;259;1255;264;@70.25
1638347086904.jpg;1357;239;1405;236;1406;250;1359;254;@23.49
1638347086904.jpg;1472;230;1528;225;1530;239;1473;244;@731607
1638347086904.jpg;127;386;185;380;186;399;128;404;@审核人
1638347086904.jpg;242;378;281;375;282;389;243;392;@9.32
1638347086904.jpg;319;368;396;361;397;381;320;387;@炒水蛇片
1638347086904.jpg;434;361;482;356;483;371;436;376;@898.1
1638347086904.jpg;540;349;597;344;599;363;541;368;@王丽娟
1638347086904.jpg;645;339;703;334;705;352;647;357;@双皮奶
1638347086904.jpg;760;329;799;326;800;344;761;348;@胡雷
1638347086904.jpg;846;321;903;316;905;336;848;340;@李红梅
1638347086904.jpg;942;315;999;310;1000;325;944;330;@140.69
1638347086904.jpg;1038;304;1094;300;1096;318;1039;324;@吕玉梅
1638347086904.jpg;1142;298;1190;294;1192;308;1144;312;@14.92
1638347086904.jpg;1257;288;1305;283;1306;298;1258;302;@85.69
1638347086904.jpg;1351;276;1428;269;1430;289;1354;296;@炒水鱼丝
1638347086904.jpg;1485;268;1523;264;1525;278;1487;282;@9.48
1638347086904.jpg;129;424;186;419;188;439;130;444;@发件人
1638347086904.jpg;235;418;293;413;294;428;236;433;@880.64
1638347086904.jpg;331;409;379;405;380;420;332;424;@41.93
1638347086904.jpg;437;399;495;394;496;409;438;414;@164.62
1638347086904.jpg;552;387;591;384;592;402;554;406;@管芳
1638347086904.jpg;649;378;705;373;707;392;649;397;@方建军
1638347086904.jpg;753;369;811;364;813;383;755;388;@吴淑珍
1638347086904.jpg;859;359;898;356;899;376;861;379;@韩阳
1638347086904.jpg;954;350;993;347;995;367;956;370;@黄柳
1638347086904.jpg;1050;345;1089;341;1090;356;1053;360;@7.42
1638347086904.jpg;1146;337;1194;333;1196;347;1148;351;@43.17
1638347086904.jpg;1261;327;1318;321;1320;336;1263;340;@170.94
1638347086904.jpg;1375;313;1414;310;1415;329;1377;332;@石斌
1638347086904.jpg;1489;303;1527;300;1530;319;1492;323;@萧帆
1638347086904.jpg;140;462;179;459;180;479;142;482;@数量
1638347086904.jpg;237;454;295;448;296;468;239;474;@金桂荣
1638347086904.jpg;344;448;381;445;383;459;344;462;@3.17
1638347086904.jpg;439;439;488;435;489;449;441;453;@66.39
1638347086904.jpg;555;429;594;425;595;440;556;444;@0.88
1638347086904.jpg;651;417;709;412;711;432;653;437;@陈秀兰
1638347086904.jpg;767;407;805;403;806;423;768;427;@朱欣
1638347086904.jpg;854;402;910;397;912;412;854;417;@387.93
1638347086904.jpg;958;392;997;389;998;404;960;407;@13.4
1638347086904.jpg;1064;384;1084;382;1085;396;1065;398;@76
1638347086904.jpg;1159;372;1198;368;1200;387;1162;390;@刘丹
1638347086904.jpg;1265;362;1322;357;1324;377;1266;382;@甘桂香
1638347086904.jpg;1380;355;1418;351;1420;366;1382;370;@47.0
1638347086904.jpg;1485;342;1542;338;1544;357;1487;362;@刘秀梅
1638347086904.jpg;143;502;181;499;182;519;143;522;@提付
1638347086904.jpg;249;493;288;489;289;509;250;513;@刘阳
1638347086904.jpg;336;488;384;483;385;498;337;503;@85.65
1638347086904.jpg;443;478;491;474;492;489;443;493;@43.77
1638347086904.jpg;558;468;596;464;597;479;559;483;@0.97
1638347086904.jpg;655;456;712;451;713;471;655;476;@金桂荣
1638347086904.jpg;770;449;808;446;810;460;771;463;@70.8
1638347086904.jpg;866;441;905;437;906;451;867;455;@0.92
1638347086904.jpg;963;432;1001;429;1002;444;964;447;@3.17
1638347086904.jpg;1068;423;1087;421;1088;436;1070;437;@82
1638347086904.jpg;1145;413;1221;406;1223;426;1146;432;@香芋扣肉
1638347086904.jpg;1278;403;1317;400;1319;415;1281;418;@0.98
1638347086904.jpg;1374;392;1432;387;1434;406;1377;412;@方桂芝
1638347086904.jpg;1489;382;1546;377;1549;396;1491;401;@桂秀梅
1638347086904.jpg;115;545;213;536;214;556;117;565;@提货人签字
1638347086904.jpg;261;535;281;533;281;548;262;550;@65
1638347086904.jpg;339;528;396;522;398;537;339;543;@920358
1638347086904.jpg;445;518;493;514;494;529;446;533;@76.82
1638347086904.jpg;551;508;610;503;610;518;552;523;@501.22
1638347086904.jpg;657;496;715;491;717;511;659;516;@吴建华
1638347086904.jpg;764;486;821;481;823;501;764;506;@陈小红
1638347086904.jpg;859;478;917;472;919;492;861;497;@王建军
1638347086904.jpg;966;471;1004;467;1005;482;967;486;@11.7
1638347086904.jpg;1053;463;1101;459;1102;474;1054;478;@193.6
1638347086904.jpg;1158;454;1206;449;1208;464;1160;468;@70.25
1638347086904.jpg;1273;444;1322;440;1323;454;1275;458;@82.26
1638347086904.jpg;1379;434;1427;430;1429;445;1381;448;@49.19
1638347086904.jpg;1475;423;1570;414;1572;434;1477;443;@均安煎鱼饼
1638347086904.jpg;147;582;185;578;186;598;147;602;@月结
1638347086904.jpg;243;576;302;571;303;586;245;591;@303573
1638347086904.jpg;360;566;380;564;380;579;361;581;@85
1638347086904.jpg;447;555;505;550;507;570;448;575;@李建军
1638347086904.jpg;563;544;602;541;604;561;565;564;@申丹
1638347086904.jpg;661;536;718;530;720;550;661;556;@陈秀兰
1638347086904.jpg;786;527;805;526;807;541;788;542;@51
1638347086904.jpg;863;520;921;515;922;530;864;535;@425.82
1638347086904.jpg;960;512;1017;506;1019;521;961;527;@117.14
1638347086904.jpg;1056;500;1114;495;1116;515;1058;520;@李秀华
1638347086904.jpg;1162;493;1211;489;1212;504;1163;508;@95.79
1638347086904.jpg;1277;483;1325;479;1328;494;1279;498;@30.38
1638347086904.jpg;1383;473;1432;469;1433;484;1385;488;@54.27
1638347086904.jpg;1499;463;1556;458;1558;473;1500;478;@600.02
1638347086904.jpg;119;624;217;616;218;636;121;644;@提货人签字
1638347086904.jpg;246;616;305;611;305;626;247;631;@783.58
1638347086904.jpg;344;607;391;603;393;618;344;622;@86.47
1638347086904.jpg;450;598;508;593;509;607;451;613;@394.82
1638347086904.jpg;566;584;605;581;606;601;568;604;@李涛
1638347086904.jpg;673;578;712;574;713;589;675;593;@23.6
1638347086904.jpg;770;569;828;564;829;579;771;584;@457.71
1638347086904.jpg;876;556;915;553;917;573;878;576;@张欣
1638347086904.jpg;963;552;1012;547;1013;562;964;566;@95.29
1638347086904.jpg;1060;540;1117;535;1119;555;1061;560;@吴秀芳
1638347086904.jpg;1166;533;1214;529;1215;544;1168;548;@43.77
1638347086904.jpg;1282;523;1340;518;1341;532;1283;538;@816.43
1638347086904.jpg;1397;512;1436;509;1438;524;1399;527;@83.0
1638347086904.jpg;1503;500;1561;495;1563;514;1506;520;@黄桂芝
1638347086904.jpg;122;664;219;656;220;674;122;683;@托运人签字
1638347086904.jpg;258;655;297;652;298;666;259;670;@19.1
1638347086904.jpg;346;647;404;642;405;657;346;662;@145.99
1638347086904.jpg;442;635;520;628;522;648;444;655;@炒水蛇片
1638347086904.jpg;559;628;618;623;619;638;561;643;@681.58
1638347086904.jpg;676;618;715;614;716;629;677;632;@98.1
1638347086904.jpg;773;609;831;604;832;619;775;624;@192.03
1638347086904.jpg;870;600;928;595;929;610;871;615;@293510
1638347086904.jpg;966;588;1025;583;1027;603;968;608;@谢秀英
1638347086904.jpg;1073;582;1112;578;1113;593;1075;597;@3.17
1638347086904.jpg;1170;573;1219;569;1220;584;1171;588;@42.91
1638347086904.jpg;1285;560;1344;554;1346;574;1288;580;@陈秀兰
1638347086904.jpg;1402;549;1440;546;1442;566;1403;569;@管芳
1638347086904.jpg;1507;540;1565;534;1568;554;1510;560;@陈秀云
1638347086904.jpg;123;704;221;695;223;715;125;724;@提货人签字
1638347086904.jpg;260;695;300;691;300;706;261;710;@0.93
1638347086904.jpg;349;687;397;683;398;698;349;702;@16.77
1638347086904.jpg;465;674;504;670;505;690;467;693;@李洁
1638347086904.jpg;573;667;612;663;612;678;573;682;@2.46
1638347086904.jpg;669;658;728;653;729;668;671;673;@466.02
1638347086904.jpg;776;649;835;643;836;658;777;664;@396346
1638347086904.jpg;874;640;922;636;924;651;875;655;@38.81
1638347086904.jpg;970;628;1029;623;1030;643;972;648;@刘淑英
1638347086904.jpg;1077;622;1116;618;1118;633;1079;637;@3.17
1638347086904.jpg;1174;613;1232;608;1233;623;1176;628;@521.87
1638347086904.jpg;1290;602;1339;598;1340;613;1292;617;@32.19
1638347086904.jpg;1406;592;1435;589;1437;604;1408;607;@4.5
1638347086904.jpg;1512;582;1561;578;1562;593;1514;597;@95.68
1638347086904.jpg;146;743;203;738;205;758;146;763;@收件人
1638347086904.jpg;252;737;311;731;313;746;254;752;@652.45
1638347086904.jpg;360;727;400;723;400;738;361;742;@95.8
1638347086904.jpg;468;716;506;713;508;729;469;732;@0.86
1638347086904.jpg;575;704;614;700;616;720;577;724;@单军
1638347086904.jpg;673;695;730;690;732;710;674;715;@吴玉梅
1638347086904.jpg;770;686;848;679;850;699;771;706;@无为熏鸭
1638347086904.jpg;896;678;916;676;917;691;897;693;@66
1638347086904.jpg;964;669;1042;662;1044;682;966;689;@炒水蛇片
1638347086904.jpg;1081;661;1110;659;1111;674;1083;676;@0.9
1638347086904.jpg;1198;651;1217;649;1218;664;1199;666;@63
1638347086904.jpg;1304;641;1343;638;1344;653;1306;656;@55.2
1638347086904.jpg;1401;633;1450;628;1451;643;1402;648;@102.3
1638347086904.jpg;1516;619;1575;614;1577;634;1519;639;@孙春梅
1638347086904.jpg;137;784;216;777;217;798;139;805;@货运协议
1638347086904.jpg;265;776;304;772;305;788;266;791;@7.81
1638347086904.jpg;353;768;402;763;403;778;354;783;@14.54
1638347086904.jpg;470;754;510;751;510;771;472;774;@王璐
1638347086904.jpg;577;745;617;741;618;761;579;765;@张柳
1638347086904.jpg;666;737;744;730;746;750;667;757;@香芋扣肉
1638347086904.jpg;783;729;832;724;833;740;784;744;@61.69
1638347086904.jpg;880;720;929;715;931;731;882;736;@30.38
1638347086904.jpg;978;711;1027;707;1028;722;979;727;@63.84
1638347086904.jpg;1075;702;1124;698;1125;713;1077;717;@323.6
1638347086904.jpg;1172;691;1250;684;1252;703;1174;710;@香芋扣肉
1638347086904.jpg;1299;679;1356;674;1359;693;1300;698;@双皮奶
1638347086904.jpg;1405;670;1463;664;1466;684;1407;690;@陈小红
1638347086904.jpg;1522;662;1580;657;1582;672;1523;677;@636206
1638347086904.jpg;160;823;198;820;199;840;160;844;@送货
1638347086904.jpg;277;816;296;814;298;829;278;830;@78
1638347086904.jpg;355;809;405;804;405;819;356;823;@43.77
1638347086904.jpg;453;797;532;790;533;810;455;817;@香芋扣肉
1638347086904.jpg;571;785;630;780;631;801;573;806;@黄桂芝
1638347086904.jpg;689;778;728;774;729;790;690;794;@0.98
1638347086904.jpg;786;766;845;761;847;781;788;786;@周桂珍
1638347086904.jpg;894;760;933;756;934;771;895;775;@7.81
1638347086904.jpg;982;752;1040;747;1042;761;983;767;@246.32
1638347086904.jpg;1089;742;1128;739;1129;754;1090;757;@8.13
1638347086904.jpg;1196;730;1234;726;1236;746;1197;750;@陈建
1638347086904.jpg;1303;722;1351;718;1353;734;1305;738;@96.88
1638347086904.jpg;1420;712;1459;708;1460;723;1421;727;@0.85
1638347086904.jpg;1526;699;1584;694;1587;714;1528;719;@方桂芝
1638347086904.jpg;161;864;201;860;202;881;162;885;@提付
1638347086904.jpg;270;854;308;851;310;871;270;875;@管芳
1638347086904.jpg;367;849;407;845;408;860;369;863;@5.45
1638347086904.jpg;476;839;515;834;516;850;476;854;@7.17
1638347086904.jpg;584;828;622;825;624;841;585;844;@47.0
1638347086904.jpg;682;817;741;811;742;831;683;838;@黄秀兰
1638347086904.jpg;799;809;829;807;830;822;800;824;@1.0
1638347086904.jpg;887;801;946;796;948;811;889;816;@710945
1638347086904.jpg;985;790;1044;783;1045;804;987;810;@杨红梅
1638347086904.jpg;1083;783;1141;778;1143;794;1084;799;@483641
1638347086904.jpg;1190;773;1249;768;1250;783;1192;789;@880.64
1638347086904.jpg;1297;761;1375;754;1377;774;1299;781;@无为熏鸭
1638347086904.jpg;1414;753;1473;748;1474;763;1416;768;@295.76
1638347086904.jpg;1531;743;1590;738;1591;753;1533;758;@149.69
1638347086904.jpg;134;907;232;899;233;919;134;927;@托运人签字
1638347086904.jpg;262;899;311;895;313;911;263;915;@25.17
1638347086904.jpg;360;890;420;885;420;900;361;905;@449427
1638347086904.jpg;468;878;527;871;529;892;470;898;@孙凤英
1638347086904.jpg;577;870;636;865;637;881;577;886;@393.48
1638347086904.jpg;684;858;743;852;745;872;686;878;@徐玉珍
1638347086904.jpg;792;848;852;843;854;863;794;868;@陈桂花
1638347086904.jpg;891;839;949;833;951;854;892;859;@刘秀荣
1638347086904.jpg;989;832;1037;828;1039;844;990;848;@16.87
1638347086904.jpg;1086;821;1145;816;1147;836;1089;842;@黄红霞
1638347086904.jpg;1194;814;1244;810;1245;825;1196;829;@40.93
1638347086904.jpg;1321;803;1360;799;1361;814;1323;818;@7.17
1638347086904.jpg;1419;794;1468;790;1469;805;1420;809;@88.38
1638347086904.jpg;1545;782;1584;778;1587;794;1548;798;@98.1
1638347086904.jpg;155;947;215;942;216;962;157;967;@收件人
1638347086904.jpg;284;938;304;936;305;952;285;954;@83
1638347086904.jpg;362;931;412;927;414;943;364;947;@49.23
1638347086904.jpg;481;918;521;914;521;934;483;938;@郭超
1638347086904.jpg;580;912;628;907;630;923;581;927;@68.48
1638347086904.jpg;698;897;737;894;739;915;699;918;@浦宁
1638347086904.jpg;796;892;855;887;856;901;797;907;@135.59
1638347086904.jpg;914;881;933;880;935;894;916;896;@63
1638347086904.jpg;992;873;1042;869;1043;885;994;889;@51.65
1638347086904.jpg;1091;865;1149;859;1151;875;1092;881;@474413
1638347086904.jpg;1198;852;1257;847;1259;867;1200;872;@许桂珍
1638347086904.jpg;1336;843;1355;841;1357;856;1337;858;@83
1638347086904.jpg;1423;834;1472;830;1474;846;1425;850;@59.97
1638347086904.jpg;1541;821;1598;815;1601;836;1542;841;@施桂花
1638347086904.jpg;158;988;217;983;218;1004;158;1009;@审核人
1638347086904.jpg;266;979;326;973;327;993;268;1000;@农小红
1638347086904.jpg;375;972;415;968;416;984;376;987;@5.45
1638347086904.jpg;475;962;523;958;525;974;475;978;@70.25
1638347086904.jpg;583;950;642;945;643;964;584;971;@原桂英
1638347086904.jpg;701;942;741;938;742;954;702;957;@98.1
1638347086904.jpg;819;931;839;929;840;945;821;947;@90
1638347086904.jpg;908;920;946;917;948;936;909;940;@张建
1638347086904.jpg;997;915;1045;911;1047;926;998;930;@86.47
1638347086904.jpg;1094;905;1144;901;1145;917;1095;921;@11.29
1638347086904.jpg;1203;896;1252;892;1253;906;1204;912;@74.33
1638347086904.jpg;1330;885;1369;881;1370;896;1332;899;@57.5
1638347086904.jpg;1428;876;1487;870;1488;886;1429;891;@142848
1638347086904.jpg;1545;861;1604;856;1606;877;1547;882;@游建国
1638347086904.jpg;160;1030;219;1025;221;1045;161;1051;@发件人
1638347086904.jpg;269;1024;319;1018;319;1034;270;1038;@51.12
1638347086904.jpg;377;1013;417;1009;419;1025;379;1029;@0.93
1638347086904.jpg;477;1004;536;999;537;1014;477;1019;@124.59
1638347086904.jpg;585;991;645;985;646;1006;587;1012;@刘淑英
1638347086904.jpg;694;981;754;976;754;996;696;1002;@王秀兰
1638347086904.jpg;812;971;852;966;854;987;814;991;@杨云
1638347086904.jpg;901;965;960;960;961;975;903;981;@138.73
1638347086904.jpg;1010;955;1049;952;1050;967;1011;971;@85.5
1638347086904.jpg;1098;944;1157;938;1159;959;1100;964;@谢秀英
1638347086904.jpg;1206;937;1256;932;1257;948;1209;953;@36.75
1638347086904.jpg;1315;924;1393;917;1395;937;1316;945;@黄埔炒蛋
1638347086904.jpg;1432;917;1491;911;1493;926;1434;932;@148106
1638347086904.jpg;1570;903;1590;902;1591;917;1571;918;@41
1638347086904.jpg;240;764;328;756;331;798;242;806;cell@
1638347086904.jpg;96;455;223;445;225;485;99;496;cell@
1638347086904.jpg;1294;873;1403;863;1407;905;1299;915;cell@
1638347086904.jpg;85;222;210;211;213;251;87;262;cell@
1638347086904.jpg;413;388;519;379;522;419;415;429;cell@
1638347086904.jpg;848;508;936;500;939;541;851;549;cell@
1638347086904.jpg;1290;832;1398;822;1403;864;1294;875;cell@
1638347086904.jpg;1265;591;1371;581;1376;622;1268;632;cell@
1638347086904.jpg;955;740;1064;730;1068;771;959;781;cell@
1638347086904.jpg;1154;762;1283;751;1286;793;1159;804;cell@
1638347086904.jpg;529;537;636;527;639;568;532;577;cell@
1638347086904.jpg;1388;742;1497;732;1501;773;1393;782;cell@
1638347086904.jpg;864;707;953;699;957;741;868;749;cell@
1638347086904.jpg;1450;335;1575;324;1580;364;1455;375;cell@
1638347086904.jpg;624;370;729;360;733;400;626;409;cell@
1638347086904.jpg;1423;104;1547;93;1551;133;1428;143;cell@
1638347086904.jpg;844;468;932;460;936;501;848;509;cell@
1638347086904.jpg;224;484;312;476;315;517;226;525;cell@
1638347086904.jpg;116;857;245;845;247;887;119;899;cell@
1638347086904.jpg;89;300;214;289;217;328;91;340;cell@
1638347086904.jpg;967;862;1076;852;1079;894;971;903;cell@
1638347086904.jpg;1167;885;1295;873;1300;915;1171;927;cell@
1638347086904.jpg;555;899;663;889;667;931;557;942;cell@
1638347086904.jpg;538;656;645;646;648;687;540;697;cell@
1638347086904.jpg;963;821;1072;811;1076;853;967;863;cell@
1638347086904.jpg;758;717;865;707;869;749;760;758;cell@
1638347086904.jpg;714;167;819;158;822;197;717;207;cell@
1638347086904.jpg;851;548;939;540;943;581;854;588;cell@
1638347086904.jpg;1060;690;1147;682;1152;722;1063;731;cell@
1638347086904.jpg;1008;141;1093;134;1097;173;1011;181;cell@
1638347086904.jpg;512;301;619;292;621;332;515;340;cell@
1638347086904.jpg;305;358;411;349;414;389;306;398;cell@
1638347086904.jpg;534;616;642;607;645;647;538;657;cell@
1638347086904.jpg;1496;732;1622;720;1628;761;1500;773;cell@
1638347086904.jpg;123;980;252;968;255;1011;124;1023;cell@
1638347086904.jpg;974;944;1083;934;1087;976;977;986;cell@
1638347086904.jpg;435;746;544;737;546;778;438;788;cell@
1638347086904.jpg;1454;374;1580;363;1585;403;1459;414;cell@
1638347086904.jpg;626;408;733;399;736;440;630;448;cell@
1638347086904.jpg;104;615;232;603;234;644;107;656;cell@
1638347086904.jpg;227;524;315;516;317;557;228;565;cell@
1638347086904.jpg;1104;248;1228;237;1233;277;1107;288;cell@
1638347086904.jpg;828;273;915;266;918;305;831;313;cell@
1638347086904.jpg;311;476;419;466;421;507;314;517;cell@
1638347086904.jpg;970;902;1079;893;1084;935;974;945;cell@
1638347086904.jpg;1332;228;1438;219;1442;259;1337;268;cell@
1638347086904.jpg;1468;492;1593;480;1599;521;1473;533;cell@
1638347086904.jpg;405;271;511;263;513;302;407;311;cell@
1638347086904.jpg;635;527;742;517;746;558;638;568;cell@
1638347086904.jpg;425;586;533;576;535;617;428;627;cell@
1638347086904.jpg;441;827;550;817;552;859;444;869;cell@
1638347086904.jpg;91;339;216;327;219;367;92;379;cell@
1638347086904.jpg;1505;813;1632;801;1638;843;1509;854;cell@
1638347086904.jpg;741;517;849;508;852;549;745;558;cell@
1638347086904.jpg;885;952;975;944;978;986;889;994;cell@
1638347086904.jpg;560;982;669;972;673;1014;563;1025;cell@
1638347086904.jpg;543;737;651;727;654;768;546;778;cell@
1638347086904.jpg;1344;344;1451;335;1456;375;1349;385;cell@
1638347086904.jpg;1320;114;1424;104;1429;143;1324;153;cell@
1638347086904.jpg;403;233;508;224;511;264;405;272;cell@
1638347086904.jpg;638;567;746;557;748;598;641;608;cell@
1638347086904.jpg;1273;670;1380;661;1385;702;1277;711;cell@
1638347086904.jpg;1402;863;1510;853;1515;895;1406;905;cell@
1638347086904.jpg;433;706;541;696;544;738;435;747;cell@
1638347086904.jpg;854;587;943;580;946;620;857;628;cell@
1638347086904.jpg;1037;450;1124;444;1128;483;1040;491;cell@
1638347086904.jpg;834;350;922;342;925;383;838;390;cell@
1638347086904.jpg;316;556;424;546;426;587;319;597;cell@
1638347086904.jpg;1282;751;1389;741;1394;782;1285;793;cell@
1638347086904.jpg;1171;926;1300;914;1304;956;1175;968;cell@
1638347086904.jpg;314;516;421;506;424;547;316;557;cell@
1638347086904.jpg;1092;134;1217;122;1220;161;1096;173;cell@
1638347086904.jpg;748;597;855;587;858;628;751;638;cell@
1638347086904.jpg;907;188;1012;179;1016;218;910;228;cell@
1638347086904.jpg;774;921;883;911;886;953;777;963;cell@
1638347086904.jpg;446;910;556;899;558;942;449;952;cell@
1638347086904.jpg;410;349;516;340;519;380;413;389;cell@
1638347086904.jpg;430;666;539;656;541;697;433;707;cell@
1638347086904.jpg;1244;392;1350;384;1354;424;1248;433;cell@
1638347086904.jpg;1277;710;1385;701;1389;742;1282;752;cell@
1638347086904.jpg;1219;160;1325;152;1329;191;1224;200;cell@
1638347086904.jpg;92;378;219;366;220;406;95;417;cell@
1638347086904.jpg;1011;180;1097;172;1101;210;1015;218;cell@
1638347086904.jpg;1112;326;1236;315;1241;355;1115;366;cell@
1638347086904.jpg;526;497;633;487;636;528;529;538;cell@
1638347086904.jpg;1349;384;1455;374;1460;414;1353;424;cell@
1638347086904.jpg;660;849;768;839;772;881;662;891;cell@
1638347086904.jpg;641;607;748;597;752;638;644;647;cell@
1638347086904.jpg;251;968;341;960;343;1003;254;1011;cell@
1638347086904.jpg;237;723;326;715;329;757;240;765;cell@
1638347086904.jpg;1232;276;1337;267;1342;306;1235;316;cell@
1638347086904.jpg;95;416;220;405;223;446;96;456;cell@
1638347086904.jpg;1441;258;1566;246;1570;286;1446;298;cell@
1638347086904.jpg;1123;444;1249;432;1253;472;1127;483;cell@
1638347086904.jpg;1022;295;1108;287;1113;327;1025;335;cell@
1638347086904.jpg;754;677;862;667;865;708;758;718;cell@
1638347086904.jpg;1227;237;1333;228;1338;268;1232;277;cell@
1638347086904.jpg;507;224;613;214;615;254;510;264;cell@
1638347086904.jpg;1285;792;1394;781;1398;823;1290;833;cell@
1638347086904.jpg;1075;852;1163;844;1168;886;1078;894;cell@
1638347086904.jpg;1353;423;1460;413;1465;453;1358;463;cell@
1638347086904.jpg;959;780;1068;770;1072;812;964;822;cell@
1638347086904.jpg;668;972;778;962;781;1004;672;1014;cell@
1638347086904.jpg;1018;256;1105;248;1108;288;1022;296;cell@
1638347086904.jpg;620;331;727;321;729;361;624;371;cell@
1638347086904.jpg;100;535;227;524;229;564;103;576;cell@
1638347086904.jpg;1299;914;1407;904;1412;947;1303;956;cell@
1638347086904.jpg;1015;217;1101;209;1105;249;1018;257;cell@
1638347086904.jpg;302;320;408;310;410;350;305;359;cell@
1638347086904.jpg;99;495;225;484;227;525;100;536;cell@
1638347086904.jpg;732;399;838;389;842;430;735;440;cell@
1638347086904.jpg;914;266;1019;256;1023;296;917;305;cell@
1638347086904.jpg;1131;522;1257;511;1261;552;1135;563;cell@
1638347086904.jpg;1162;844;1291;832;1295;875;1167;886;cell@
1638347086904.jpg;729;360;835;350;839;390;732;400;cell@
1638347086904.jpg;871;789;960;780;965;822;875;830;cell@
1638347086904.jpg;1459;413;1584;402;1589;443;1464;453;cell@
1638347086904.jpg;1030;373;1116;365;1120;405;1033;413;cell@
1638347086904.jpg;630;448;736;439;739;478;632;488;cell@
1638347086904.jpg;1235;315;1342;305;1346;345;1240;355;cell@
1638347086904.jpg;228;564;317;556;320;596;231;604;cell@
1638347086904.jpg;868;748;956;740;960;781;871;790;cell@
1638347086904.jpg;1078;893;1168;885;1172;927;1083;935;cell@
1638347086904.jpg;1025;334;1113;326;1116;366;1030;374;cell@
1638347086904.jpg;510;263;615;253;619;293;512;302;cell@
1638347086904.jpg;1384;701;1491;691;1497;733;1388;743;cell@
1638347086904.jpg;738;478;845;468;849;509;741;518;cell@
1638347086904.jpg;209;211;296;204;298;243;212;251;cell@
1638347086904.jpg;115;816;243;805;245;846;116;858;cell@
1638347086904.jpg;103;575;229;563;232;604;104;616;cell@
1638347086904.jpg;878;869;968;861;972;903;882;912;cell@
1638347086904.jpg;323;675;431;666;434;706;325;716;cell@
1638347086904.jpg;1100;210;1225;199;1228;238;1104;249;cell@
1638347086904.jpg;518;379;625;369;627;409;521;419;cell@
1638347086904.jpg;309;437;416;427;419;467;311;477;cell@
1638347086904.jpg;735;439;842;429;845;469;738;479;cell@
1638347086904.jpg;557;940;667;930;669;973;560;983;cell@
1638347086904.jpg;612;214;717;205;721;244;614;254;cell@
1638347086904.jpg;1327;190;1433;181;1438;220;1332;229;cell@
1638347086904.jpg;1490;691;1618;680;1622;721;1496;733;cell@
1638347086904.jpg;875;829;964;821;968;862;878;870;cell@
1638347086904.jpg;1463;452;1589;442;1594;481;1468;493;cell@
1638347086904.jpg;437;786;547;777;550;818;441;828;cell@
1638347086904.jpg;244;845;333;838;336;879;246;887;cell@
1638347086904.jpg;321;635;429;626;431;667;323;676;cell@
1638347086904.jpg;231;603;319;595;322;636;233;644;cell@
1638347086904.jpg;120;939;250;927;252;969;123;981;cell@
1638347086904.jpg;917;304;1023;295;1026;335;921;344;cell@
1638347086904.jpg;1367;541;1473;532;1478;572;1370;582;cell@
1638347086904.jpg;1341;305;1447;297;1451;336;1345;345;cell@
1638347086904.jpg;415;428;522;418;524;458;418;467;cell@
1638347086904.jpg;654;767;761;757;765;799;656;809;cell@
1638347086904.jpg;400;194;506;185;508;225;402;234;cell@
1638347086904.jpg;1477;572;1603;560;1608;601;1481;612;cell@
1638347086904.jpg;327;756;436;746;439;788;330;798;cell@
1638347086904.jpg;295;204;400;194;403;234;297;243;cell@
1638347086904.jpg;764;798;872;789;876;829;767;840;cell@
1638347086904.jpg;924;382;1031;373;1034;413;928;422;cell@
1638347086904.jpg;745;557;852;548;855;588;748;598;cell@
1638347086904.jpg;903;150;1009;141;1012;180;907;189;cell@
1638347086904.jpg;423;546;530;536;533;577;425;587;cell@
1638347086904.jpg;952;699;1061;689;1064;731;956;741;cell@
1638347086904.jpg;408;310;513;301;516;340;410;350;cell@
1638347086904.jpg;443;868;552;858;556;900;446;911;cell@
1638347086904.jpg;1240;354;1345;344;1350;385;1244;393;cell@
1638347086904.jpg;861;667;949;659;953;700;864;708;cell@
1638347086904.jpg;1446;297;1570;285;1575;325;1450;336;cell@
1638347086904.jpg;540;696;648;686;651;728;543;738;cell@
1638347086904.jpg;1067;770;1155;762;1160;804;1071;812;cell@
1638347086904.jpg;523;457;630;448;633;488;526;498;cell@
1638347086904.jpg;332;838;442;827;445;869;335;879;cell@
1638347086904.jpg;318;596;426;586;429;627;321;636;cell@
1638347086904.jpg;618;292;723;282;727;322;620;332;cell@
1638347086904.jpg;219;405;307;397;310;438;222;446;cell@
1638347086904.jpg;451;991;560;982;564;1025;453;1034;cell@
1638347086904.jpg;656;808;765;798;768;840;660;850;cell@
1638347086904.jpg;124;1021;255;1010;256;1053;127;1064;cell@
1638347086904.jpg;1040;490;1128;482;1132;523;1044;531;cell@
1638347086904.jpg;249;927;338;919;341;961;251;969;cell@
1638347086904.jpg;218;366;306;358;307;398;219;406;cell@
1638347086904.jpg;1252;471;1359;461;1363;502;1256;512;cell@
1638347086904.jpg;448;951;558;940;561;983;451;992;cell@
1638347086904.jpg;1143;642;1269;630;1274;671;1146;683;cell@
1638347086904.jpg;297;242;403;233;405;272;300;282;cell@
1638347086904.jpg;1119;404;1244;392;1249;433;1123;445;cell@
1638347086904.jpg;726;321;831;311;835;351;729;361;cell@
1638347086904.jpg;931;460;1038;450;1041;491;935;501;cell@
1638347086904.jpg;751;637;858;627;862;668;754;678;cell@
1638347086904.jpg;505;185;610;176;613;215;507;225;cell@
1638347086904.jpg;910;227;1016;217;1019;257;914;267;cell@
1638347086904.jpg;1115;365;1241;354;1245;393;1119;405;cell@
1638347086904.jpg;771;880;879;869;883;912;774;922;cell@
1638347086904.jpg;666;930;775;921;778;963;668;973;cell@
1638347086904.jpg;111;735;238;723;241;765;112;776;cell@
1638347086904.jpg;242;805;331;797;333;839;244;846;cell@
1638347086904.jpg;337;919;447;910;450;952;340;961;cell@
1638347086904.jpg;1127;482;1253;471;1257;512;1131;523;cell@
1638347086904.jpg;235;683;323;675;326;716;237;724;cell@
1638347086904.jpg;222;445;310;437;312;477;224;485;cell@
1638347086904.jpg;841;429;929;421;932;461;845;469;cell@
1638347086904.jpg;1048;570;1136;562;1139;603;1052;611;cell@
1638347086904.jpg;821;196;908;188;911;228;825;236;cell@
1638347086904.jpg;1256;511;1363;501;1368;542;1260;552;cell@
1638347086904.jpg;1481;611;1608;600;1613;641;1486;652;cell@
1638347086904.jpg;1146;682;1274;670;1278;711;1151;723;cell@
1638347086904.jpg;942;580;1049;570;1053;611;945;620;cell@
1638347086904.jpg;87;261;212;250;214;290;89;301;cell@
1638347086904.jpg;1268;631;1376;621;1380;662;1273;671;cell@
1638347086904.jpg;112;775;241;764;243;806;115;817;cell@
1638347086904.jpg;1159;803;1286;792;1291;833;1162;845;cell@
1638347086904.jpg;938;540;1045;530;1049;571;942;581;cell@
1638347086904.jpg;1055;650;1144;642;1147;683;1060;691;cell@
1638347086904.jpg;1033;412;1120;404;1124;445;1037;451;cell@
1638347086904.jpg;532;576;639;567;642;608;534;617;cell@
1638347086904.jpg;515;340;621;331;625;370;518;380;cell@
1638347086904.jpg;1393;781;1501;772;1506;814;1397;823;cell@
1638347086904.jpg;1428;142;1551;132;1557;171;1432;182;cell@
1638347086904.jpg;609;176;714;167;718;206;612;215;cell@
1638347086904.jpg;418;466;524;457;527;498;420;507;cell@
1638347086904.jpg;650;727;759;717;761;758;654;768;cell@
1638347086904.jpg;213;289;301;281;303;321;216;328;cell@
1638347086904.jpg;1486;651;1613;640;1618;681;1490;692;cell@
1638347086904.jpg;1052;610;1139;602;1144;643;1055;651;cell@
1638347086904.jpg;647;686;755;677;759;718;650;728;cell@
1638347086904.jpg;107;655;234;643;236;684;108;695;cell@
1638347086904.jpg;119;898;247;886;250;928;120;940;cell@
1638347086904.jpg;211;250;298;242;301;282;213;290;cell@
1638347086904.jpg;1107;287;1233;276;1236;316;1112;327;cell@
1638347086904.jpg;716;206;822;196;826;236;720;244;cell@
1638347086904.jpg;945;619;1053;610;1056;651;949;660;cell@
1638347086904.jpg;760;757;869;748;872;790;764;799;cell@
1638347086904.jpg;1362;501;1469;492;1474;533;1367;542;cell@
1638347086904.jpg;824;235;911;227;915;267;828;274;cell@
1638347086904.jpg;1500;772;1628;760;1632;802;1505;814;cell@
1638347086904.jpg;1437;219;1561;208;1566;247;1441;259;cell@
1638347086904.jpg;614;253;721;243;723;283;618;293;cell@
1638347086904.jpg;1472;532;1599;520;1604;561;1477;573;cell@
1638347086904.jpg;306;397;414;388;416;428;309;438;cell@
1638347086904.jpg;325;715;434;705;436;747;328;757;cell@
1638347086904.jpg;340;960;449;951;452;992;342;1003;cell@
1638347086904.jpg;882;911;971;902;975;945;885;953;cell@
1638347086904.jpg;720;243;825;235;829;274;722;283;cell@
1638347086904.jpg;1324;152;1429;142;1433;182;1328;191;cell@
1638347086904.jpg;1358;462;1464;452;1469;493;1362;502;cell@
1638347086904.jpg;921;343;1026;334;1031;374;924;383;cell@
1638347086904.jpg;1375;621;1482;611;1487;652;1379;662;cell@
1638347086904.jpg;1432;181;1557;170;1561;209;1437;220;cell@
1638347086904.jpg;420;506;527;497;530;537;423;547;cell@
1638347086904.jpg;246;886;336;878;338;920;249;928;cell@
1638347086904.jpg;215;327;303;320;306;359;218;367;cell@
1638347086904.jpg;1514;894;1642;883;1648;925;1519;936;cell@
1638347086904.jpg;830;312;918;304;922;343;834;351;cell@
1638347086904.jpg;857;627;946;619;950;660;861;668;cell@
1638347086904.jpg;1063;730;1152;721;1155;763;1067;771;cell@
1638347086904.jpg;1397;822;1506;813;1510;854;1402;864;cell@
1638347086904.jpg;1336;267;1442;258;1447;298;1341;306;cell@
1638347086904.jpg;1135;562;1261;551;1266;592;1139;603;cell@
1638347086904.jpg;1370;581;1478;571;1482;612;1375;622;cell@
1638347086904.jpg;330;797;438;786;442;828;332;839;cell@
1638347086904.jpg;632;487;739;477;742;518;635;528;cell@
1638347086904.jpg;1509;853;1638;842;1642;884;1514;895;cell@
1638347086904.jpg;428;626;535;616;539;657;430;667;cell@
1638347086904.jpg;1082;934;1172;926;1176;968;1086;977;cell@
1638347086904.jpg;1216;123;1321;114;1325;153;1219;161;cell@
1638347086904.jpg;1248;432;1354;423;1359;462;1252;472;cell@
1638347086904.jpg;342;1002;452;991;454;1034;345;1044;cell@
1638347086904.jpg;1139;602;1266;591;1269;631;1143;643;cell@
1638347086904.jpg;546;777;654;767;657;809;549;818;cell@
1638347086904.jpg;949;659;1056;650;1061;690;952;700;cell@
1638347086904.jpg;722;282;829;273;832;312;726;322;cell@
1638347086904.jpg;928;421;1034;412;1038;451;931;461;cell@
1638347086904.jpg;767;839;876;828;879;870;771;881;cell@
1638347086904.jpg;1379;661;1487;651;1491;692;1384;702;cell@
1638347086904.jpg;837;389;925;382;929;422;841;430;cell@
1638347086904.jpg;1071;811;1160;803;1163;845;1075;853;cell@
1638347086904.jpg;818;158;904;150;908;189;821;197;cell@
1638347086904.jpg;521;418;627;408;630;448;523;458;cell@
1638347086904.jpg;1260;551;1368;541;1371;582;1265;592;cell@
1638347086904.jpg;108;694;236;683;238;724;111;736;cell@
1638347086904.jpg;662;890;772;880;775;922;666;931;cell@
1638347086904.jpg;1151;722;1278;710;1283;752;1154;763;cell@
1638347086904.jpg;1096;172;1220;160;1225;200;1100;211;cell@
1638347086904.jpg;335;878;444;868;447;911;337;920;cell@
1638347086904.jpg;254;1010;343;1002;346;1044;255;1053;cell@
1638347086904.jpg;777;962;886;952;890;994;780;1005;cell@
1638347086904.jpg;935;500;1041;490;1045;531;938;541;cell@
1638347086904.jpg;233;643;322;635;324;676;235;684;cell@
1638347086904.jpg;1224;199;1328;190;1333;229;1227;238;cell@
1638347086904.jpg;551;858;661;849;663;890;555;900;cell@
1638347086904.jpg;1044;530;1132;522;1136;563;1048;571;cell@
1638347086904.jpg;1406;904;1515;894;1520;936;1411;947;cell@
1638347086904.jpg;549;817;657;808;661;850;551;859;cell@
1638347086904.jpg;300;281;405;271;408;311;302;321;cell@
1638347086904.jpg;644;646;752;637;755;678;647;687;cell@
1638347086904.jpg;85;222;1547;93;1648;925;127;1064;table@1
