1638347121841.jpg;130;154;168;152;167;171;129;173;@审核
1638347121841.jpg;225;150;301;147;301;166;225;169;@顶骨大鳝
1638347121841.jpg;349;146;387;144;387;163;348;165;@刘阳
1638347121841.jpg;454;142;491;140;491;159;453;161;@马静
1638347121841.jpg;548;138;605;136;606;156;548;157;@金桂荣
1638347121841.jpg;652;137;700;136;701;151;653;152;@52.26
1638347121841.jpg;757;134;814;133;815;147;758;149;@287065
1638347121841.jpg;852;131;899;129;900;143;853;145;@95.79
1638347121841.jpg;937;128;985;126;986;140;938;142;@74.33
1638347121841.jpg;1023;125;1080;123;1081;137;1024;139;@151.27
1638347121841.jpg;1108;119;1203;115;1204;134;1110;138;@大良炒牛奶
1638347121841.jpg;1241;114;1317;111;1318;131;1242;133;@顶骨大鳝
1638347121841.jpg;1355;113;1412;111;1413;126;1356;128;@122.54
1638347121841.jpg;1450;110;1507;108;1507;122;1450;124;@475885
1638347121841.jpg;110;192;187;190;187;209;110;211;@提货方式
1638347121841.jpg;234;188;292;186;292;206;235;208;@李淑兰
1638347121841.jpg;339;187;387;185;388;200;340;202;@736.7
1638347121841.jpg;454;183;492;181;493;196;454;198;@35.7
1638347121841.jpg;549;177;606;175;606;194;550;196;@蔺淑珍
1638347121841.jpg;663;173;702;172;701;191;663;192;@刘宁
1638347121841.jpg;759;170;816;168;816;187;759;189;@吴建华
1638347121841.jpg;854;166;911;164;911;183;854;185;@吴淑珍
1638347121841.jpg;940;166;997;164;997;179;940;181;@153.05
1638347121841.jpg;1035;160;1073;158;1073;178;1035;179;@蒋建
1638347121841.jpg;1130;159;1187;157;1187;172;1130;174;@808852
1638347121841.jpg;1252;152;1309;150;1311;168;1254;170;@包凤兰
1638347121841.jpg;1357;152;1405;150;1406;164;1358;166;@55.03
1638347121841.jpg;1452;148;1500;146;1501;160;1454;162;@35.29
1638347121841.jpg;101;232;196;228;196;247;100;251;@提货人签字
1638347121841.jpg;244;229;283;228;282;242;244;243;@90.6
1638347121841.jpg;339;226;387;224;388;238;340;240;@59.69
1638347121841.jpg;444;222;502;220;502;235;445;237;@405.84
1638347121841.jpg;549;218;597;217;598;232;550;233;@12.85
1638347121841.jpg;654;214;702;213;703;228;655;229;@31.97
1638347121841.jpg;760;211;807;209;808;224;760;226;@23.49
1638347121841.jpg;864;208;903;206;904;220;865;222;@85.5
1638347121841.jpg;941;202;998;200;999;219;942;221;@杨桂花
1638347121841.jpg;1036;201;1074;200;1075;214;1037;215;@91.9
1638347121841.jpg;1132;198;1189;196;1189;210;1132;212;@351870
1638347121841.jpg;1246;191;1322;188;1323;208;1246;210;@腊味合蒸
1638347121841.jpg;1370;189;1408;188;1408;203;1370;204;@0.99
1638347121841.jpg;1474;185;1493;185;1494;200;1475;200;@61
1638347121841.jpg;110;270;187;268;187;287;110;289;@发件电话
1638347121841.jpg;234;269;282;267;282;281;234;283;@70.25
1638347121841.jpg;340;265;397;263;397;277;340;279;@397.39
1638347121841.jpg;445;258;503;256;503;275;445;277;@农小红
1638347121841.jpg;551;257;599;256;598;270;550;272;@37.36
1638347121841.jpg;656;250;713;248;713;268;656;270;@烤乳猪
1638347121841.jpg;780;249;800;248;800;263;780;264;@80
1638347121841.jpg;857;246;905;244;905;259;857;261;@27.88
1638347121841.jpg;942;240;999;238;1001;258;943;260;@李小红
1638347121841.jpg;1038;239;1076;238;1077;253;1039;254;@0.96
1638347121841.jpg;1124;234;1200;232;1201;251;1125;253;@均安蒸猪
1638347121841.jpg;1267;232;1305;231;1306;245;1268;246;@5.45
1638347121841.jpg;1372;228;1410;227;1411;241;1373;242;@80.2
1638347121841.jpg;1458;222;1515;220;1517;239;1459;241;@张玉英
1638347121841.jpg;100;310;196;306;196;324;100;328;@托运人签字
1638347121841.jpg;234;308;292;306;292;320;235;322;@286941
1638347121841.jpg;330;301;407;298;408;317;331;320;@炒水蛇片
1638347121841.jpg;446;297;503;295;504;314;446;316;@张冬梅
1638347121841.jpg;561;293;599;291;600;310;561;312;@王鹏
1638347121841.jpg;647;290;724;287;725;307;648;310;@无为熏鸭
1638347121841.jpg;762;289;820;286;820;301;763;304;@196.72
1638347121841.jpg;868;285;906;283;906;298;868;300;@7.42
1638347121841.jpg;944;282;992;280;992;295;944;297;@62.53
1638347121841.jpg;1040;275;1078;274;1079;294;1040;295;@刘英
1638347121841.jpg;1155;274;1174;274;1174;289;1155;289;@86
1638347121841.jpg;1260;271;1308;270;1308;284;1261;285;@85.04
1638347121841.jpg;1375;264;1412;263;1414;282;1376;283;@苗帅
1638347121841.jpg;1461;264;1509;262;1509;276;1462;278;@30.38
1638347121841.jpg;129;348;167;346;167;364;128;366;@备注
1638347121841.jpg;244;343;283;342;282;362;244;363;@何坤
1638347121841.jpg;341;343;389;341;388;356;340;358;@13.68
1638347121841.jpg;446;336;503;334;504;354;446;356;@丁雪梅
1638347121841.jpg;552;335;609;333;610;348;552;350;@296.31
1638347121841.jpg;657;331;715;329;716;344;658;346;@463301
1638347121841.jpg;763;328;811;326;812;341;764;343;@98.77
1638347121841.jpg;869;324;907;322;908;337;870;339;@62.2
1638347121841.jpg;945;321;993;319;995;334;947;336;@24.68
1638347121841.jpg;1032;318;1089;316;1091;331;1033;333;@139.68
1638347121841.jpg;1137;312;1195;310;1196;329;1139;331;@吴玉梅
1638347121841.jpg;1262;310;1310;309;1311;323;1263;324;@71.29
1638347121841.jpg;1377;303;1415;302;1417;321;1379;322;@李涛
1638347121841.jpg;1463;300;1521;298;1523;317;1465;319;@王秀兰
1638347121841.jpg;109;387;186;384;186;404;109;407;@收件信息
1638347121841.jpg;234;386;292;384;293;399;235;401;@136.62
1638347121841.jpg;350;382;389;380;389;395;351;396;@0.87
1638347121841.jpg;447;375;505;373;505;393;447;395;@方红梅
1638347121841.jpg;553;374;611;372;610;387;552;389;@657.38
1638347121841.jpg;668;367;707;366;707;386;668;387;@祁艳
1638347121841.jpg;765;364;823;362;823;381;765;383;@曾丽华
1638347121841.jpg;861;363;909;362;909;376;861;378;@50.04
1638347121841.jpg;948;361;1005;359;1006;373;948;375;@122.54
1638347121841.jpg;1044;357;1082;356;1083;370;1044;371;@67.3
1638347121841.jpg;1150;354;1188;352;1188;366;1150;368;@9.13
1638347121841.jpg;1264;349;1312;348;1314;363;1265;363;@190.7
1638347121841.jpg;1370;346;1418;344;1419;359;1371;361;@59.97
1638347121841.jpg;1485;341;1504;341;1506;355;1487;355;@44
1638347121841.jpg;128;427;166;425;167;444;128;446;@备注
1638347121841.jpg;235;426;292;424;293;439;234;441;@678356
1638347121841.jpg;350;418;389;417;389;437;351;438;@梁磊
1638347121841.jpg;456;418;495;416;496;431;457;433;@9.13
1638347121841.jpg;553;414;611;412;612;427;554;429;@101778
1638347121841.jpg;659;410;717;408;718;423;660;425;@102.36
1638347121841.jpg;766;403;823;401;824;421;766;423;@赵玉英
1638347121841.jpg;872;400;910;398;911;418;873;420;@蒋建
1638347121841.jpg;949;397;1007;395;1008;415;950;417;@方红梅
1638347121841.jpg;1036;397;1094;395;1094;410;1037;412;@144.98
1638347121841.jpg;1142;390;1200;388;1201;408;1143;410;@王玉华
1638347121841.jpg;1248;386;1344;383;1345;403;1248;406;@均安煎鱼饼
1638347121841.jpg;1373;384;1421;383;1422;398;1373;399;@142.3
1638347121841.jpg;1479;378;1517;376;1518;396;1480;398;@刘帅
1638347121841.jpg;118;466;176;464;177;484;118;486;@发件人
1638347121841.jpg;235;462;293;460;292;479;234;481;@飞龙汤
1638347121841.jpg;361;460;380;459;380;474;360;475;@68
1638347121841.jpg;458;457;496;455;496;470;457;472;@0.99
1638347121841.jpg;554;453;612;451;612;466;554;468;@173.96
1638347121841.jpg;661;447;719;445;719;464;661;466;@方桂芝
1638347121841.jpg;787;446;806;445;806;459;787;460;@47
1638347121841.jpg;864;443;921;441;922;455;864;457;@325969
1638347121841.jpg;960;439;999;438;1000;452;961;453;@9.13
1638347121841.jpg;1037;437;1095;435;1096;449;1038;451;@946.09
1638347121841.jpg;1143;430;1201;428;1203;447;1145;449;@黄红霞
1638347121841.jpg;1269;428;1327;426;1328;441;1270;443;@792.23
1638347121841.jpg;1385;421;1423;420;1425;440;1386;441;@黄柳
1638347121841.jpg;1462;418;1539;416;1541;436;1464;438;@香芋扣肉
1638347121841.jpg;108;506;186;503;186;523;108;526;@大写金额
1638347121841.jpg;234;502;293;500;293;520;235;522;@甘桂香
1638347121841.jpg;351;500;380;499;381;514;351;515;@0.9
1638347121841.jpg;448;494;506;492;507;512;449;514;@段秀芳
1638347121841.jpg;555;493;613;491;614;506;555;508;@425.82
1638347121841.jpg;671;486;710;485;711;505;672;506;@刘宁
1638347121841.jpg;768;485;826;483;826;498;768;500;@121.26
1638347121841.jpg;865;482;914;480;914;495;865;497;@65.09
1638347121841.jpg;952;479;1001;477;1001;492;953;494;@27.88
1638347121841.jpg;1040;473;1098;471;1098;491;1040;493;@叶冬梅
1638347121841.jpg;1146;469;1204;467;1205;487;1146;489;@欧建华
1638347121841.jpg;1272;467;1330;465;1330;480;1272;482;@572427
1638347121841.jpg;1377;460;1435;458;1437;478;1379;480;@炖禾虫
1638347121841.jpg;1474;457;1532;455;1534;475;1476;477;@王婷婷
1638347121841.jpg;108;546;186;543;185;563;107;566;@发件电话
1638347121841.jpg;235;545;293;543;293;557;234;560;@557939
1638347121841.jpg;342;541;400;539;400;554;342;556;@245.94
1638347121841.jpg;438;534;516;531;517;551;439;554;@腊味合蒸
1638347121841.jpg;575;532;594;532;595;547;575;547;@85
1638347121841.jpg;662;526;720;524;721;544;663;546;@李红梅
1638347121841.jpg;769;525;827;523;828;538;770;540;@355.82
1638347121841.jpg;876;519;915;517;916;537;877;539;@刘璐
1638347121841.jpg;954;519;1002;517;1003;532;955;534;@21.59
1638347121841.jpg;1051;515;1090;514;1091;529;1052;530;@98.1
1638347121841.jpg;1158;511;1196;510;1198;525;1159;526;@0.89
1638347121841.jpg;1284;504;1322;503;1324;523;1285;524;@张健
1638347121841.jpg;1390;500;1429;499;1431;519;1392;520;@李静
1638347121841.jpg;1497;499;1516;499;1517;514;1498;514;@75
1638347121841.jpg;127;586;166;585;166;605;127;606;@欠付
1638347121841.jpg;234;586;283;584;284;599;235;601;@54.32
1638347121841.jpg;342;582;391;580;391;595;342;597;@70.25
1638347121841.jpg;459;578;498;576;498;591;459;593;@0.88
1638347121841.jpg;556;574;605;572;605;587;556;589;@75.43
1638347121841.jpg;664;566;722;564;722;585;664;587;@李婷婷
1638347121841.jpg;771;565;829;563;829;579;771;581;@764.26
1638347121841.jpg;868;562;927;560;927;576;868;578;@153.78
1638347121841.jpg;966;558;1005;557;1005;573;966;574;@11.7
1638347121841.jpg;1044;556;1102;554;1102;570;1044;572;@908915
1638347121841.jpg;1151;552;1208;550;1209;565;1151;567;@822395
1638347121841.jpg;1276;547;1334;545;1336;560;1277;562;@367.86
1638347121841.jpg;1383;540;1441;538;1443;558;1384;560;@吴淑珍
1638347121841.jpg;1480;540;1529;538;1530;553;1482;555;@30.07
1638347121841.jpg;107;627;185;624;185;644;107;647;@大写金额
1638347121841.jpg;234;626;283;624;283;639;235;641;@23.49
1638347121841.jpg;342;622;391;620;391;635;342;637;@37.93
1638347121841.jpg;449;618;498;616;499;631;450;633;@171.2
1638347121841.jpg;567;614;606;612;606;627;567;629;@3.23
1638347121841.jpg;674;610;713;608;714;623;675;625;@79.7
1638347121841.jpg;772;606;830;604;831;619;773;621;@918.67
1638347121841.jpg;879;600;918;598;919;618;880;620;@姜洁
1638347121841.jpg;957;597;1016;595;1017;615;958;617;@次日达
1638347121841.jpg;1045;597;1104;594;1104;609;1046;612;@107.77
1638347121841.jpg;1152;590;1211;588;1211;608;1154;610;@方桂芝
1638347121841.jpg;1289;585;1328;583;1328;603;1289;605;@陈瑜
1638347121841.jpg;1396;581;1435;580;1435;600;1396;601;@张龙
1638347121841.jpg;1493;578;1532;576;1533;596;1494;598;@杨欣
1638347121841.jpg;127;667;166;666;166;686;127;687;@审核
1638347121841.jpg;235;667;294;664;293;679;234;682;@825.97
1638347121841.jpg;343;663;392;661;391;676;342;678;@54.32
1638347121841.jpg;450;656;509;653;509;674;450;676;@焖大鳝
1638347121841.jpg;558;651;617;649;617;670;558;672;@农小红
1638347121841.jpg;676;650;715;648;715;664;676;666;@0.96
1638347121841.jpg;763;644;841;641;842;662;764;665;@东安子鸡
1638347121841.jpg;880;639;919;638;920;659;881;660;@翟成
1638347121841.jpg;958;640;1007;638;1009;653;960;656;@91.38
1638347121841.jpg;1046;637;1105;634;1106;649;1048;652;@569.72
1638347121841.jpg;1154;633;1213;631;1214;646;1155;648;@187.33
1638347121841.jpg;1281;628;1340;626;1341;641;1282;643;@165.98
1638347121841.jpg;1398;624;1427;623;1429;638;1400;639;@0.8
1638347121841.jpg;1496;618;1535;616;1536;636;1497;637;@喻玲
1638347121841.jpg;116;709;175;707;176;727;117;729;@收件人
1638347121841.jpg;244;707;283;705;284;721;245;722;@23.6
1638347121841.jpg;342;703;401;701;402;717;343;719;@321695
1638347121841.jpg;450;699;509;697;510;713;451;715;@414552
1638347121841.jpg;559;695;617;693;618;709;559;711;@385.88
1638347121841.jpg;667;688;725;686;726;707;667;709;@东坡肉
1638347121841.jpg;774;687;823;686;823;701;774;702;@85.08
1638347121841.jpg;873;684;931;682;931;697;873;699;@138.28
1638347121841.jpg;971;680;1010;679;1010;694;971;695;@38.2
1638347121841.jpg;1069;677;1088;676;1088;691;1069;692;@65
1638347121841.jpg;1167;673;1206;672;1206;687;1167;688;@8.13
1638347121841.jpg;1284;669;1343;667;1343;682;1284;684;@108.02
1638347121841.jpg;1392;665;1441;664;1441;679;1392;680;@185.7
1638347121841.jpg;1508;661;1528;660;1529;675;1510;676;@73
1638347121841.jpg;97;750;196;746;195;767;96;770;@提货人签字
1638347121841.jpg;245;748;284;746;284;762;244;763;@97.5
1638347121841.jpg;343;741;401;739;402;760;343;762;@农小红
1638347121841.jpg;451;737;510;735;510;756;451;758;@杨桂花
1638347121841.jpg;559;733;618;731;619;752;560;754;@王玉华
1638347121841.jpg;677;729;716;727;717;748;678;750;@桑旭
1638347121841.jpg;775;728;824;727;825;742;776;743;@38.37
1638347121841.jpg;874;722;933;720;934;740;875;742;@冯玉梅
1638347121841.jpg;972;718;1011;717;1012;737;973;738;@曾莉
1638347121841.jpg;1050;719;1100;717;1101;732;1052;734;@31.97
1638347121841.jpg;1158;715;1208;713;1209;728;1160;730;@68.63
1638347121841.jpg;1286;707;1345;704;1346;725;1288;727;@金桂荣
1638347121841.jpg;1394;705;1453;703;1453;719;1394;721;@301956
1638347121841.jpg;1502;701;1531;700;1532;716;1502;717;@4.5
1638347121841.jpg;96;791;195;788;195;808;96;811;@提货人签字
1638347121841.jpg;244;786;284;785;284;805;245;806;@王华
1638347121841.jpg;343;786;402;784;403;799;344;801;@153.91
1638347121841.jpg;462;777;501;776;502;797;462;798;@李磊
1638347121841.jpg;560;774;619;772;619;793;560;795;@游建国
1638347121841.jpg;669;773;718;771;718;787;669;789;@62.53
1638347121841.jpg;777;769;836;767;836;783;777;785;@112.26
1638347121841.jpg;876;763;935;761;935;781;876;784;@炒水蛇
1638347121841.jpg;964;763;1023;761;1024;776;964;778;@154.45
1638347121841.jpg;1062;756;1101;755;1102;775;1063;776;@邢莹
1638347121841.jpg;1170;752;1209;751;1211;771;1171;772;@常林
1638347121841.jpg;1288;751;1337;749;1339;764;1290;766;@54.69
1638347121841.jpg;1396;746;1445;745;1447;761;1398;762;@75.43
1638347121841.jpg;1495;743;1544;741;1545;757;1496;759;@70.43
1638347121841.jpg;96;832;195;829;195;849;96;852;@托运人签字
1638347121841.jpg;234;830;284;829;284;845;235;846;@95.68
1638347121841.jpg;343;827;392;825;393;840;344;843;@18.09
1638347121841.jpg;452;820;511;818;512;838;452;840;@冯桂英
1638347121841.jpg;561;819;620;817;621;832;561;834;@799.29
1638347121841.jpg;679;815;719;812;720;828;680;830;@80.2
1638347121841.jpg;788;807;827;805;828;825;789;827;@孙建
1638347121841.jpg;887;806;926;805;927;821;888;822;@6.25
1638347121841.jpg;966;801;1025;799;1026;819;967;822;@陈秀兰
1638347121841.jpg;1054;800;1104;799;1104;815;1055;816;@74.33
1638347121841.jpg;1163;794;1222;792;1223;812;1163;815;@李淑兰
1638347121841.jpg;1301;789;1340;787;1341;807;1302;809;@杨云
1638347121841.jpg;1400;788;1449;787;1449;801;1400;803;@82.26
1638347121841.jpg;1498;785;1547;783;1548;798;1499;800;@68.79
1638347121841.jpg;126;873;165;872;165;892;125;893;@自提
1638347121841.jpg;235;872;294;870;294;885;234;887;@560165
1638347121841.jpg;364;868;384;866;383;882;363;883;@71
1638347121841.jpg;453;862;512;860;512;880;453;882;@王丽娟
1638347121841.jpg;552;857;631;854;631;875;552;878;@均安蒸猪
1638347121841.jpg;680;853;720;851;720;872;681;874;@王晨
1638347121841.jpg;779;849;838;847;839;868;780;870;@吴建华
1638347121841.jpg;878;846;937;844;938;864;879;866;@辣子鸡
1638347121841.jpg;987;845;1007;844;1008;859;988;860;@86
1638347121841.jpg;1076;842;1096;840;1097;856;1077;857;@64
1638347121841.jpg;1165;838;1224;836;1225;851;1166;854;@661.17
1638347121841.jpg;1293;833;1343;831;1344;847;1295;849;@38.81
1638347121841.jpg;1422;829;1441;828;1443;844;1423;845;@48
1638347121841.jpg;1501;826;1550;824;1552;839;1502;842;@37.93
1638347121841.jpg;85;377;212;373;211;414;85;418;cell@
1638347121841.jpg;87;144;211;140;212;180;87;183;cell@
1638347121841.jpg;1230;337;1356;332;1358;372;1232;377;cell@
1638347121841.jpg;637;476;745;472;746;513;638;517;cell@
1638347121841.jpg;1376;651;1465;648;1467;690;1379;693;cell@
1638347121841.jpg;645;801;754;797;755;839;645;844;cell@
1638347121841.jpg;316;213;422;209;422;249;315;253;cell@
1638347121841.jpg;317;528;425;524;426;565;318;570;cell@
1638347121841.jpg;1126;742;1254;737;1256;779;1127;785;cell@
1638347121841.jpg;748;633;857;629;858;671;750;675;cell@
1638347121841.jpg;952;831;1042;828;1044;871;953;874;cell@
1638347121841.jpg;929;269;1016;266;1018;306;931;309;cell@
1638347121841.jpg;210;334;317;330;318;370;211;374;cell@
1638347121841.jpg;747;593;856;589;857;630;748;634;cell@
1638347121841.jpg;636;437;743;433;745;473;637;477;cell@
1638347121841.jpg;942;586;1031;583;1033;624;944;627;cell@
1638347121841.jpg;209;858;320;854;320;897;210;901;cell@
1638347121841.jpg;1237;455;1363;450;1367;491;1240;495;cell@
1638347121841.jpg;1458;567;1566;563;1569;605;1461;609;cell@
1638347121841.jpg;1224;220;1349;215;1351;255;1225;260;cell@
1638347121841.jpg;528;322;634;318;635;359;528;363;cell@
1638347121841.jpg;86;221;211;217;211;257;86;261;cell@
1638347121841.jpg;82;780;211;775;211;818;81;823;cell@
1638347121841.jpg;1381;733;1470;730;1473;772;1383;775;cell@
1638347121841.jpg;210;256;316;252;317;292;211;296;cell@
1638347121841.jpg;638;556;747;552;748;594;640;598;cell@
1638347121841.jpg;425;605;534;601;534;642;425;646;cell@
1638347121841.jpg;210;817;320;812;319;855;209;859;cell@
1638347121841.jpg;427;851;537;847;539;889;429;894;cell@
1638347121841.jpg;841;195;927;191;929;231;842;235;cell@
1638347121841.jpg;1438;290;1544;286;1548;326;1441;330;cell@
1638347121841.jpg;1008;111;1095;109;1096;148;1010;151;cell@
1638347121841.jpg;1033;664;1122;661;1125;702;1036;705;cell@
1638347121841.jpg;529;401;636;397;637;438;529;442;cell@
1638347121841.jpg;421;248;527;244;528;284;422;288;cell@
1638347121841.jpg;211;373;318;369;318;410;210;414;cell@
1638347121841.jpg;848;390;935;386;937;427;849;430;cell@
1638347121841.jpg;83;536;211;531;211;573;84;578;cell@
1638347121841.jpg;633;279;739;275;740;315;633;319;cell@
1638347121841.jpg;319;854;428;851;430;894;319;897;cell@
1638347121841.jpg;1100;224;1225;220;1226;260;1101;264;cell@
1638347121841.jpg;948;749;1038;745;1041;788;951;791;cell@
1638347121841.jpg;1242;534;1369;530;1371;572;1244;576;cell@
1638347121841.jpg;86;260;211;256;212;296;86;300;cell@
1638347121841.jpg;842;234;929;230;930;270;843;273;cell@
1638347121841.jpg;535;723;644;719;644;761;535;765;cell@
1638347121841.jpg;862;793;952;790;953;832;863;835;cell@
1638347121841.jpg;947;708;1037;704;1038;746;948;750;cell@
1638347121841.jpg;937;465;1025;462;1027;503;939;506;cell@
1638347121841.jpg;1023;423;1110;420;1112;460;1024;463;cell@
1638347121841.jpg;1466;689;1575;685;1579;727;1470;731;cell@
1638347121841.jpg;1449;447;1557;444;1559;484;1452;488;cell@
1638347121841.jpg;315;136;421;133;422;172;316;176;cell@
1638347121841.jpg;526;206;632;202;632;241;526;245;cell@
1638347121841.jpg;1094;109;1218;105;1220;144;1095;148;cell@
1638347121841.jpg;210;693;319;690;319;731;210;735;cell@
1638347121841.jpg;923;115;1009;111;1011;151;924;155;cell@
1638347121841.jpg;1348;215;1434;212;1437;252;1350;255;cell@
1638347121841.jpg;1368;530;1456;527;1459;568;1370;572;cell@
1638347121841.jpg;634;358;741;354;742;394;635;398;cell@
1638347121841.jpg;1244;575;1371;571;1374;612;1246;616;cell@
1638347121841.jpg;421;171;525;167;527;207;421;210;cell@
1638347121841.jpg;424;484;532;480;532;521;424;525;cell@
1638347121841.jpg;426;727;536;723;536;765;427;769;cell@
1638347121841.jpg;86;299;212;295;211;335;85;339;cell@
1638347121841.jpg;1010;150;1096;147;1099;186;1012;189;cell@
1638347121841.jpg;1104;302;1229;298;1231;338;1105;342;cell@
1638347121841.jpg;734;160;840;156;842;196;736;199;cell@
1638347121841.jpg;951;790;1040;787;1042;829;952;832;cell@
1638347121841.jpg;928;230;1015;227;1016;267;929;270;cell@
1638347121841.jpg;527;283;634;279;634;319;528;323;cell@
1638347121841.jpg;1355;332;1442;329;1445;369;1357;372;cell@
1638347121841.jpg;420;133;525;129;526;168;421;172;cell@
1638347121841.jpg;211;179;317;175;317;214;210;218;cell@
1638347121841.jpg;210;413;318;409;317;449;210;453;cell@
1638347121841.jpg;536;847;646;843;648;885;538;889;cell@
1638347121841.jpg;843;272;930;269;932;309;845;312;cell@
1638347121841.jpg;85;338;211;334;212;374;85;378;cell@
1638347121841.jpg;1109;420;1236;416;1238;455;1111;460;cell@
1638347121841.jpg;1015;266;1102;263;1105;303;1017;306;cell@
1638347121841.jpg;1041;828;1131;825;1133;868;1043;871;cell@
1638347121841.jpg;318;731;427;727;428;769;319;772;cell@
1638347121841.jpg;316;175;422;171;422;210;316;214;cell@
1638347121841.jpg;754;838;864;834;865;877;755;881;cell@
1638347121841.jpg;738;275;844;272;846;312;739;315;cell@
1638347121841.jpg;1387;816;1476;812;1479;855;1389;858;cell@
1638347121841.jpg;211;295;317;291;317;331;210;335;cell@
1638347121841.jpg;641;637;749;633;751;675;642;679;cell@
1638347121841.jpg;1014;227;1100;224;1102;264;1015;267;cell@
1638347121841.jpg;85;456;211;451;211;492;84;497;cell@
1638347121841.jpg;1433;212;1539;208;1542;248;1436;252;cell@
1638347121841.jpg;1235;416;1361;411;1364;451;1237;456;cell@
1638347121841.jpg;1455;527;1563;523;1566;564;1458;568;cell@
1638347121841.jpg;1472;771;1581;767;1585;809;1476;814;cell@
1638347121841.jpg;1012;188;1098;185;1100;225;1014;228;cell@
1638347121841.jpg;85;417;211;413;211;452;85;457;cell@
1638347121841.jpg;1114;499;1241;494;1243;535;1115;540;cell@
1638347121841.jpg;528;362;635;358;636;398;529;402;cell@
1638347121841.jpg;1130;825;1259;820;1261;862;1132;868;cell@
1638347121841.jpg;643;760;753;756;754;798;645;802;cell@
1638347121841.jpg;427;809;537;805;537;848;427;852;cell@
1638347121841.jpg;638;516;746;512;747;553;638;557;cell@
1638347121841.jpg;1019;344;1106;341;1109;381;1021;384;cell@
1638347121841.jpg;1017;305;1105;302;1106;342;1019;345;cell@
1638347121841.jpg;740;354;847;351;849;390;741;394;cell@
1638347121841.jpg;940;545;1029;542;1031;584;942;587;cell@
1638347121841.jpg;210;612;319;609;318;650;210;653;cell@
1638347121841.jpg;931;308;1018;305;1020;345;932;348;cell@
1638347121841.jpg;533;601;641;597;642;638;533;642;cell@
1638347121841.jpg;211;572;319;568;319;610;210;613;cell@
1638347121841.jpg;1221;181;1345;177;1349;216;1224;221;cell@
1638347121841.jpg;846;351;933;347;935;387;848;391;cell@
1638347121841.jpg;1240;494;1367;490;1369;531;1242;535;cell@
1638347121841.jpg;1340;100;1426;97;1429;136;1342;139;cell@
1638347121841.jpg;84;496;211;491;211;532;83;537;cell@
1638347121841.jpg;82;739;211;734;211;776;82;781;cell@
1638347121841.jpg;1253;737;1382;733;1384;775;1255;779;cell@
1638347121841.jpg;317;488;425;484;425;525;317;529;cell@
1638347121841.jpg;1461;608;1569;604;1572;645;1464;649;cell@
1638347121841.jpg;1475;812;1585;808;1588;851;1478;855;cell@
1638347121841.jpg;1097;185;1222;181;1225;221;1100;225;cell@
1638347121841.jpg;424;564;532;560;534;602;425;606;cell@
1638347121841.jpg;1342;138;1429;135;1431;175;1345;178;cell@
1638347121841.jpg;850;468;938;465;940;506;852;509;cell@
1638347121841.jpg;80;863;210;858;211;901;81;906;cell@
1638347121841.jpg;849;429;937;426;938;466;850;469;cell@
1638347121841.jpg;318;609;426;605;426;646;317;650;cell@
1638347121841.jpg;534;682;643;678;644;720;535;724;cell@
1638347121841.jpg;924;154;1011;150;1013;189;926;193;cell@
1638347121841.jpg;1428;135;1533;132;1536;171;1430;175;cell@
1638347121841.jpg;853;548;941;545;943;587;855;590;cell@
1638347121841.jpg;1464;648;1572;644;1575;686;1466;690;cell@
1638347121841.jpg;1425;97;1530;93;1533;133;1428;136;cell@
1638347121841.jpg;316;330;423;326;424;366;317;370;cell@
1638347121841.jpg;536;805;646;801;646;844;536;848;cell@
1638347121841.jpg;733;122;839;118;840;157;734;161;cell@
1638347121841.jpg;1258;820;1388;816;1390;858;1260;862;cell@
1638347121841.jpg;1225;259;1351;254;1354;294;1228;299;cell@
1638347121841.jpg;860;752;949;749;952;791;862;794;cell@
1638347121841.jpg;1345;177;1431;174;1434;213;1348;216;cell@
1638347121841.jpg;852;508;940;505;941;546;853;549;cell@
1638347121841.jpg;1037;745;1127;742;1128;785;1040;788;cell@
1638347121841.jpg;426;686;535;682;535;724;426;728;cell@
1638347121841.jpg;316;291;423;287;423;327;316;331;cell@
1638347121841.jpg;741;393;849;389;850;430;742;434;cell@
1638347121841.jpg;531;520;639;516;639;557;531;561;cell@
1638347121841.jpg;210;775;320;771;320;814;210;818;cell@
1638347121841.jpg;936;426;1023;423;1025;463;937;466;cell@
1638347121841.jpg;926;192;1013;188;1015;228;928;231;cell@
1638347121841.jpg;422;326;529;322;529;363;423;366;cell@
1638347121841.jpg;1353;293;1439;290;1442;330;1355;333;cell@
1638347121841.jpg;629;125;734;121;735;160;629;164;cell@
1638347121841.jpg;1447;408;1554;404;1557;445;1450;448;cell@
1638347121841.jpg;1024;462;1112;459;1115;500;1026;503;cell@
1638347121841.jpg;1430;174;1536;170;1539;209;1433;213;cell@
1638347121841.jpg;317;409;424;405;424;446;316;449;cell@
1638347121841.jpg;1120;620;1247;615;1249;657;1121;662;cell@
1638347121841.jpg;642;678;750;674;752;716;643;720;cell@
1638347121841.jpg;1107;380;1233;376;1236;417;1109;421;cell@
1638347121841.jpg;317;369;424;365;424;406;317;410;cell@
1638347121841.jpg;744;472;851;468;853;509;745;513;cell@
1638347121841.jpg;1105;341;1231;337;1233;377;1108;381;cell@
1638347121841.jpg;736;237;843;234;844;273;738;276;cell@
1638347121841.jpg;633;318;740;314;741;355;634;359;cell@
1638347121841.jpg;753;797;863;793;864;835;754;839;cell@
1638347121841.jpg;423;445;530;441;532;481;424;485;cell@
1638347121841.jpg;1360;411;1448;408;1451;448;1363;451;cell@
1638347121841.jpg;1217;105;1341;100;1343;139;1219;144;cell@
1638347121841.jpg;421;209;527;206;527;245;421;249;cell@
1638347121841.jpg;210;492;318;488;318;529;210;532;cell@
1638347121841.jpg;82;658;211;652;211;694;82;699;cell@
1638347121841.jpg;426;768;536;764;537;806;427;810;cell@
1638347121841.jpg;742;433;850;429;851;469;744;473;cell@
1638347121841.jpg;845;312;932;308;933;348;846;352;cell@
1638347121841.jpg;315;252;422;248;423;288;316;292;cell@
1638347121841.jpg;1111;459;1238;454;1241;495;1114;500;cell@
1638347121841.jpg;531;560;639;556;641;598;533;602;cell@
1638347121841.jpg;210;140;316;136;317;176;211;180;cell@
1638347121841.jpg;1357;371;1445;368;1448;409;1360;412;cell@
1638347121841.jpg;631;202;737;198;737;238;631;241;cell@
1638347121841.jpg;210;452;317;448;318;489;210;493;cell@
1638347121841.jpg;1373;611;1462;608;1465;649;1376;652;cell@
1638347121841.jpg;643;719;752;715;753;757;643;761;cell@
1638347121841.jpg;629;163;735;159;737;199;631;203;cell@
1638347121841.jpg;1028;542;1116;539;1118;581;1030;584;cell@
1638347121841.jpg;1121;661;1249;656;1252;697;1124;702;cell@
1638347121841.jpg;746;552;854;548;856;590;747;594;cell@
1638347121841.jpg;739;314;846;312;847;352;740;355;cell@
1638347121841.jpg;87;182;212;179;211;218;86;222;cell@
1638347121841.jpg;1232;376;1358;371;1361;412;1235;417;cell@
1638347121841.jpg;210;531;318;528;319;570;210;573;cell@
1638347121841.jpg;1219;143;1343;138;1345;178;1221;182;cell@
1638347121841.jpg;1452;487;1559;483;1563;524;1455;528;cell@
1638347121841.jpg;82;698;211;693;211;735;82;740;cell@
1638347121841.jpg;1251;696;1379;692;1382;734;1253;738;cell@
1638347121841.jpg;645;843;755;838;756;881;647;885;cell@
1638347121841.jpg;1127;784;1256;778;1259;821;1130;826;cell@
1638347121841.jpg;1032;623;1121;620;1122;662;1033;665;cell@
1638347121841.jpg;749;674;858;670;860;712;751;716;cell@
1638347121841.jpg;1021;383;1108;380;1110;421;1023;424;cell@
1638347121841.jpg;944;626;1033;623;1034;665;945;668;cell@
1638347121841.jpg;424;524;532;520;532;561;425;565;cell@
1638347121841.jpg;631;240;737;237;739;276;633;280;cell@
1638347121841.jpg;422;287;528;283;529;323;422;327;cell@
1638347121841.jpg;210;652;318;649;319;691;210;694;cell@
1638347121841.jpg;838;118;924;115;925;154;839;157;cell@
1638347121841.jpg;857;670;946;667;948;709;859;712;cell@
1638347121841.jpg;1030;583;1118;580;1121;621;1032;624;cell@
1638347121841.jpg;81;822;211;817;210;859;81;864;cell@
1638347121841.jpg;84;577;212;572;211;613;83;618;cell@
1638347121841.jpg;856;629;945;626;946;668;857;671;cell@
1638347121841.jpg;319;812;428;809;428;852;318;855;cell@
1638347121841.jpg;318;568;425;564;426;606;318;610;cell@
1638347121841.jpg;1255;778;1384;774;1388;817;1258;821;cell@
1638347121841.jpg;1101;263;1226;259;1229;299;1104;303;cell@
1638347121841.jpg;640;597;748;593;749;634;641;638;cell@
1638347121841.jpg;425;645;534;641;535;683;426;687;cell@
1638347121841.jpg;932;347;1020;344;1022;384;934;387;cell@
1638347121841.jpg;319;771;427;768;428;810;319;814;cell@
1638347121841.jpg;1441;329;1548;325;1551;365;1444;369;cell@
1638347121841.jpg;529;441;637;437;638;477;531;481;cell@
1638347121841.jpg;751;715;860;711;861;753;752;757;cell@
1638347121841.jpg;535;764;644;760;646;802;536;806;cell@
1638347121841.jpg;945;667;1034;664;1037;705;947;709;cell@
1638347121841.jpg;210;734;319;730;320;772;210;776;cell@
1638347121841.jpg;1383;774;1473;771;1476;814;1387;817;cell@
1638347121841.jpg;423;365;529;362;530;402;423;406;cell@
1638347121841.jpg;859;711;948;708;949;750;860;753;cell@
1638347121841.jpg;839;156;925;153;927;192;841;196;cell@
1638347121841.jpg;1228;298;1354;293;1356;333;1230;338;cell@
1638347121841.jpg;1436;251;1542;247;1544;287;1439;291;cell@
1638347121841.jpg;1036;704;1125;701;1127;743;1037;746;cell@
1638347121841.jpg;1469;730;1578;726;1581;768;1472;772;cell@
1638347121841.jpg;1115;539;1243;534;1245;576;1117;581;cell@
1638347121841.jpg;525;167;630;163;632;203;526;207;cell@
1638347121841.jpg;531;480;638;476;639;517;531;521;cell@
1638347121841.jpg;934;386;1022;383;1023;424;936;427;cell@
1638347121841.jpg;1366;490;1453;487;1456;528;1368;531;cell@
1638347121841.jpg;863;834;953;831;954;874;864;877;cell@
1638347121841.jpg;1350;254;1437;251;1440;291;1353;294;cell@
1638347121841.jpg;855;589;943;586;945;627;856;630;cell@
1638347121841.jpg;1444;368;1551;364;1554;405;1447;409;cell@
1638347121841.jpg;524;129;630;125;630;164;525;168;cell@
1638347121841.jpg;1117;580;1245;575;1247;616;1120;621;cell@
1638347121841.jpg;1363;450;1450;447;1453;488;1366;491;cell@
1638347121841.jpg;939;505;1027;502;1029;543;940;546;cell@
1638347121841.jpg;423;405;530;401;530;442;423;446;cell@
1638347121841.jpg;1039;787;1128;784;1131;826;1041;829;cell@
1638347121841.jpg;83;617;211;612;211;653;83;659;cell@
1638347121841.jpg;526;244;632;240;634;280;527;284;cell@
1638347121841.jpg;1095;147;1220;143;1222;182;1098;186;cell@
1638347121841.jpg;1124;701;1252;696;1254;738;1126;743;cell@
1638347121841.jpg;318;690;427;686;427;728;318;732;cell@
1638347121841.jpg;316;448;424;445;425;485;317;489;cell@
1638347121841.jpg;1248;656;1377;651;1380;693;1251;697;cell@
1638347121841.jpg;1370;571;1459;567;1462;609;1373;612;cell@
1638347121841.jpg;635;397;742;393;743;434;636;438;cell@
1638347121841.jpg;1246;615;1374;611;1377;652;1248;657;cell@
1638347121841.jpg;1026;502;1115;499;1116;540;1028;543;cell@
1638347121841.jpg;317;649;426;645;427;687;318;691;cell@
1638347121841.jpg;752;756;861;752;863;794;753;798;cell@
1638347121841.jpg;736;198;842;195;843;235;736;238;cell@
1638347121841.jpg;745;512;853;508;854;549;746;553;cell@
1638347121841.jpg;533;641;642;637;643;679;534;683;cell@
1638347121841.jpg;1378;692;1467;689;1471;731;1381;734;cell@
1638347121841.jpg;210;217;317;213;316;253;210;257;cell@
1638347121841.jpg;87;144;1530;93;1588;851;81;906;table@1
