1638347023265.jpg;142;105;215;112;212;131;139;124;@大写金额
1638347023265.jpg;280;122;316;127;315;140;278;136;@8.13
1638347023265.jpg;391;134;428;138;426;152;389;149;@0.95
1638347023265.jpg;475;140;531;147;528;166;473;159;@李小红
1638347023265.jpg;559;152;606;157;604;172;557;167;@70.43
1638347023265.jpg;653;159;690;163;688;182;651;178;@朱琴
1638347023265.jpg;727;168;802;176;801;195;725;186;@乐从鱼腐
1638347023265.jpg;830;181;877;186;877;201;829;196;@38.33
1638347023265.jpg;915;190;972;197;971;211;914;205;@851.61
1638347023265.jpg;999;200;1056;205;1056;220;999;214;@953675
1638347023265.jpg;148;125;203;131;200;150;145;144;@审核人
1638347023265.jpg;277;141;314;145;312;159;275;155;@13.4
1638347023265.jpg;370;149;445;156;443;176;368;168;@无为熏鸭
1638347023265.jpg;473;159;528;166;526;184;471;178;@方红梅
1638347023265.jpg;566;170;604;174;602;193;564;189;@金畅
1638347023265.jpg;641;177;697;183;695;203;640;197;@吴玉梅
1638347023265.jpg;735;191;792;197;790;211;733;205;@429.97
1638347023265.jpg;839;199;876;203;875;222;838;218;@傅平
1638347023265.jpg;914;209;961;215;960;230;913;224;@59.13
1638347023265.jpg;1008;220;1046;224;1046;239;1008;235;@8.13
1638347023265.jpg;127;141;219;152;216;170;124;159;@托运人签字
1638347023265.jpg;275;160;311;164;310;178;272;175;@47.0
1638347023265.jpg;377;169;433;175;431;194;375;188;@农小红
1638347023265.jpg;480;179;517;183;515;203;478;199;@杜洋
1638347023265.jpg;555;191;602;196;600;210;553;205;@58.54
1638347023265.jpg;639;200;686;205;685;219;638;214;@97.88
1638347023265.jpg;733;209;789;216;789;231;732;224;@977841
1638347023265.jpg;837;221;875;225;873;240;836;236;@9.32
1638347023265.jpg;913;229;969;236;969;249;912;244;@163.72
1638347023265.jpg;998;239;1045;244;1044;258;998;253;@64.44
1638347023265.jpg;124;160;216;171;213;190;121;179;@提货人签字
1638347023265.jpg;262;178;309;183;307;198;260;193;@54.32
1638347023265.jpg;393;193;412;195;410;209;391;207;@79
1638347023265.jpg;468;201;524;206;522;221;467;215;@322649
1638347023265.jpg;553;209;599;215;598;230;551;224;@91.38
1638347023265.jpg;637;219;684;224;683;239;636;234;@102.3
1638347023265.jpg;741;230;778;235;778;248;740;244;@35.7
1638347023265.jpg;836;241;864;244;863;258;835;255;@1.0
1638347023265.jpg;921;246;959;250;958;270;920;266;@余平
1638347023265.jpg;1006;259;1045;263;1044;278;1006;274;@5.45
1638347023265.jpg;138;181;195;188;192;206;135;201;@审核人
1638347023265.jpg;259;198;306;203;305;217;258;212;@82.52
1638347023265.jpg;372;209;418;215;417;230;370;224;@10.53
1638347023265.jpg;475;221;513;225;511;240;474;236;@31.3
1638347023265.jpg;560;230;597;235;596;248;558;244;@57.5
1638347023265.jpg;635;239;683;244;681;258;634;253;@61.94
1638347023265.jpg;740;246;778;250;777;270;738;266;@周洋
1638347023265.jpg;834;260;873;264;871;279;833;275;@0.85
1638347023265.jpg;911;268;958;273;957;288;909;283;@70.25
1638347023265.jpg;996;274;1053;281;1053;301;995;294;@次日达
1638347023265.jpg;135;201;192;206;189;226;132;220;@收件人
1638347023265.jpg;257;217;304;222;301;237;255;232;@32.29
1638347023265.jpg;379;227;417;232;415;249;377;245;@向东
1638347023265.jpg;464;240;520;245;518;260;462;254;@123.66
1638347023265.jpg;549;245;606;251;603;271;547;265;@龙虎斗
1638347023265.jpg;634;258;691;264;689;279;633;273;@164.03
1638347023265.jpg;729;265;786;271;784;291;727;285;@刘淑英
1638347023265.jpg;833;277;871;281;870;301;832;296;@李帅
1638347023265.jpg;910;288;966;294;966;309;908;303;@390416
1638347023265.jpg;1005;295;1043;300;1042;319;1004;315;@朱文
1638347023265.jpg;132;220;189;226;186;245;129;240;@审核人
1638347023265.jpg;263;238;301;242;299;256;262;252;@83.0
1638347023265.jpg;377;246;415;250;413;269;375;265;@赵想
1638347023265.jpg;461;256;518;262;516;282;459;276;@次日达
1638347023265.jpg;547;268;603;274;602;289;545;283;@625304
1638347023265.jpg;641;279;680;283;678;298;640;293;@79.7
1638347023265.jpg;726;288;784;294;783;309;726;303;@777.42
1638347023265.jpg;822;298;870;304;869;319;821;313;@47.37
1638347023265.jpg;908;308;956;313;956;328;907;323;@190.7
1638347023265.jpg;994;317;1052;323;1051;338;993;332;@460.08
1638347023265.jpg;120;239;196;246;193;266;117;258;@货运协议
1638347023265.jpg;233;251;327;261;325;281;230;270;@五彩炒蛇丝
1638347023265.jpg;374;269;412;273;410;288;372;284;@0.94
1638347023265.jpg;459;279;507;284;505;299;457;293;@67.61
1638347023265.jpg;554;286;592;290;590;310;553;306;@黄瑞
1638347023265.jpg;640;298;678;303;676;318;638;313;@95.8
1638347023265.jpg;744;310;763;312;763;327;743;325;@49
1638347023265.jpg;821;318;869;324;868;338;819;333;@96.65
1638347023265.jpg;907;328;955;333;954;348;906;343;@18.09
1638347023265.jpg;993;337;1051;343;1050;358;992;352;@731317
1638347023265.jpg;117;258;193;266;190;286;114;278;@支付方式
1638347023265.jpg;258;277;296;281;294;296;256;291;@31.3
1638347023265.jpg;371;289;409;293;408;308;370;304;@0.84
1638347023265.jpg;457;295;514;302;512;322;455;315;@甘桂香
1638347023265.jpg;543;305;599;311;598;331;541;325;@农小红
1638347023265.jpg;628;317;685;324;684;338;626;332;@108.23
1638347023265.jpg;724;325;781;331;780;351;723;345;@冯桂英
1638347023265.jpg;829;339;867;343;866;358;828;354;@86.3
1638347023265.jpg;925;350;944;352;943;367;924;365;@85
1638347023265.jpg;1002;355;1041;359;1040;379;1001;375;@陈瑜
1638347023265.jpg;133;280;171;284;168;304;130;300;@欠付
1638347023265.jpg;265;297;284;300;281;314;262;312;@76
1638347023265.jpg;369;309;407;313;405;328;367;324;@1.62
1638347023265.jpg;455;318;511;325;510;340;453;333;@107.53
1638347023265.jpg;540;328;588;333;586;348;539;343;@23.49
1638347023265.jpg;626;337;674;342;673;357;625;352;@170.4
1638347023265.jpg;713;344;789;352;788;372;710;363;@香芋扣肉
1638347023265.jpg;828;356;866;360;865;380;827;376;@杨静
1638347023265.jpg;904;367;953;373;952;388;904;382;@84.57
1638347023265.jpg;992;377;1049;383;1049;398;991;392;@515.81
1638347023265.jpg;111;298;186;306;183;326;108;318;@发件信息
1638347023265.jpg;243;315;291;320;288;335;241;330;@42.91
1638347023265.jpg;366;326;405;330;402;350;364;346;@谭刚
1638347023265.jpg;453;335;510;342;508;361;450;355;@孙凤英
1638347023265.jpg;557;350;576;352;575;367;555;365;@52
1638347023265.jpg;634;358;672;362;671;377;632;373;@55.2
1638347023265.jpg;720;368;778;374;777;389;719;382;@326.52
1638347023265.jpg;817;375;875;381;873;401;815;395;@郭桂芝
1638347023265.jpg;913;388;952;393;951;409;912;403;@1.36
1638347023265.jpg;991;394;1049;400;1047;421;990;415;@甘桂香
1638347023265.jpg;117;319;174;325;171;345;114;338;@审核人
1638347023265.jpg;240;335;297;341;295;356;238;350;@499863
1638347023265.jpg;354;348;412;354;410;369;353;363;@514.09
1638347023265.jpg;460;356;498;360;495;380;458;376;@浦宁
1638347023265.jpg;546;369;584;373;582;388;544;384;@0.89
1638347023265.jpg;623;377;670;382;669;397;621;392;@47.37
1638347023265.jpg;709;383;786;392;785;413;707;403;@航空禁运
1638347023265.jpg;815;395;873;401;872;422;814;416;@辛桂英
1638347023265.jpg;912;409;951;413;950;428;911;424;@9.13
1638347023265.jpg;990;415;1047;421;1047;440;989;434;@飞龙汤
1638347023265.jpg;105;337;180;346;177;366;102;357;@大写金额
1638347023265.jpg;238;352;295;358;293;378;235;372;@裴春梅
1638347023265.jpg;352;368;409;374;407;389;349;382;@153.05
1638347023265.jpg;458;377;495;381;493;400;455;396;@邓霞
1638347023265.jpg;534;387;582;393;580;409;532;402;@17.96
1638347023265.jpg;620;397;678;403;677;419;619;413;@132.39
1638347023265.jpg;717;408;775;415;774;429;715;423;@173.95
1638347023265.jpg;813;419;872;425;870;440;813;434;@166253
1638347023265.jpg;901;428;960;434;958;450;900;443;@158.67
1638347023265.jpg;989;435;1047;441;1046;462;988;455;@王玉华
1638347023265.jpg;111;358;168;365;165;385;107;378;@发件人
1638347023265.jpg;244;373;283;377;280;397;242;393;@张柳
1638347023265.jpg;349;387;397;393;395;409;347;402;@84.72
1638347023265.jpg;446;395;503;401;501;422;444;416;@甘桂香
1638347023265.jpg;532;408;580;414;578;428;530;423;@237.5
1638347023265.jpg;638;420;657;422;656;437;637;435;@78
1638347023265.jpg;725;429;764;433;763;449;723;444;@57.5
1638347023265.jpg;812;439;861;444;859;460;811;455;@185.7
1638347023265.jpg;900;449;958;455;957;470;899;464;@230.09
1638347023265.jpg;987;458;1046;465;1045;481;987;473;@153.48
1638347023265.jpg;117;379;155;383;152;403;114;399;@数量
1638347023265.jpg;232;392;289;398;286;419;229;413;@何淑华
1638347023265.jpg;357;405;395;411;393;430;354;426;@杨帆
1638347023265.jpg;462;421;481;423;480;437;461;435;@44
1638347023265.jpg;540;429;578;433;576;449;538;444;@1.36
1638347023265.jpg;627;436;665;440;663;461;624;457;@杜娜
1638347023265.jpg;733;451;753;453;751;468;732;466;@78
1638347023265.jpg;811;457;869;463;868;484;809;477;@杨桂花
1638347023265.jpg;899;466;958;472;957;493;898;487;@蒋秀云
1638347023265.jpg;986;479;1035;485;1034;499;986;494;@82.52
1638347023265.jpg;86;396;181;407;178;427;82;417;@提货人签字
1638347023265.jpg;229;413;286;419;284;439;226;433;@何淑华
1638347023265.jpg;354;429;392;433;390;449;352;444;@62.2
1638347023265.jpg;440;436;499;442;496;463;438;457;@陈桂珍
1638347023265.jpg;528;449;585;455;584;470;526;464;@152.99
1638347023265.jpg;615;459;663;464;662;480;614;473;@82.19
1638347023265.jpg;722;470;760;474;760;490;720;486;@6.47
1638347023265.jpg;809;480;868;487;867;503;809;495;@794.25
1638347023265.jpg;898;490;956;496;955;512;896;506;@154844
1638347023265.jpg;985;499;1044;507;1043;521;985;515;@609.04
1638347023265.jpg;714;155;818;167;793;507;685;494;cell@
1638347023265.jpg;546;137;631;147;598;485;510;474;cell@
1638347023265.jpg;817;167;903;176;882;516;792;507;cell@
1638347023265.jpg;986;184;1073;194;1059;536;969;527;cell@
1638347023265.jpg;240;105;362;117;317;454;191;439;cell@
1638347023265.jpg;630;147;715;155;686;494;597;485;cell@
1638347023265.jpg;361;117;463;129;423;465;316;453;cell@
1638347023265.jpg;462;129;547;137;511;474;422;465;cell@
1638347023265.jpg;902;176;987;184;970;527;881;516;cell@
1638347023265.jpg;120;92;241;105;192;439;66;425;cell@
1638347023265.jpg;120;92;1073;194;1059;536;66;425;table@1
