1638347104586.jpg;117;105;155;105;153;124;115;124;@ª∆√˜
1638347104586.jpg;203;106;260;107;258;126;201;125;@633.16
1638347104586.jpg;308;108;346;109;344;128;306;127;@’‘œÎ
1638347104586.jpg;403;110;451;111;449;129;401;129;@86.47
1638347104586.jpg;518;112;556;113;554;131;516;130;@66.9
1638347104586.jpg;594;113;651;114;650;132;593;131;@138.55
1638347104586.jpg;680;115;736;116;736;134;679;133;@484107
1638347104586.jpg;784;117;822;117;822;135;784;135;@¬¿√∑
1638347104586.jpg;898;119;917;119;918;137;898;137;@61
1638347104586.jpg;975;120;1032;121;1032;139;975;138;@∑ΩΩ®æ¸
1638347104586.jpg;1070;122;1109;123;1109;141;1071;140;@98.1
1638347104586.jpg;1147;123;1223;125;1224;143;1147;141;@ŒﬁŒ™—¨—º
1638347104586.jpg;1271;126;1309;126;1310;144;1272;144;@3.23
1638347104586.jpg;1376;128;1395;128;1396;146;1377;146;@72
1638347104586.jpg;1453;129;1501;129;1502;148;1454;147;@55.98
1638347104586.jpg;1558;130;1596;131;1597;150;1559;149;@35.7
1638347104586.jpg;105;124;153;125;152;143;104;142;@94.63
1638347104586.jpg;201;126;258;127;257;145;200;144;@129.65
1638347104586.jpg;296;128;354;129;353;147;295;146;@592536
1638347104586.jpg;421;129;440;129;439;148;420;148;@52
1638347104586.jpg;516;131;554;132;554;151;515;150;@0.95
1638347104586.jpg;602;132;640;133;640;152;602;151;@9.13
1638347104586.jpg;678;134;736;135;736;154;678;153;@802367
1638347104586.jpg;774;136;822;136;822;155;774;155;@45.56
1638347104586.jpg;889;138;927;138;927;157;889;157;@6.47
1638347104586.jpg;985;139;1023;140;1023;159;985;158;@¬¿√∑
1638347104586.jpg;1071;141;1109;142;1109;161;1071;160;@¿ÓΩ‡
1638347104586.jpg;1157;143;1205;143;1205;161;1157;161;@82.19
1638347104586.jpg;1262;144;1320;145;1320;163;1263;162;@π˘π÷•
1638347104586.jpg;1358;146;1406;147;1407;165;1359;164;@193.6
1638347104586.jpg;1463;148;1502;149;1503;167;1464;166;@œÚƒ»
1638347104586.jpg;1559;150;1598;151;1599;169;1560;168;@¿Ë—Ó
1638347104586.jpg;104;143;162;144;160;162;103;161;@≈∑Ω®ª™
1638347104586.jpg;200;145;257;146;256;164;199;163;@…€π∑º
1638347104586.jpg;295;147;353;148;352;166;294;165;@100889
1638347104586.jpg;401;149;458;150;457;168;400;167;@177.13
1638347104586.jpg;515;151;554;152;552;170;514;169;@7.17
1638347104586.jpg;602;152;640;153;639;171;600;170;@6.47
1638347104586.jpg;678;154;736;155;734;173;677;172;@945001
1638347104586.jpg;764;155;841;157;840;175;763;173;@æ˘∞≤’Ù÷Ì
1638347104586.jpg;879;157;927;158;926;176;878;175;@71.38
1638347104586.jpg;985;159;1023;160;1022;178;984;177;@0.89
1638347104586.jpg;1071;161;1109;161;1109;180;1070;179;@’‘œÎ
1638347104586.jpg;1157;162;1215;163;1215;182;1157;181;@111.78
1638347104586.jpg;1272;164;1311;164;1311;183;1272;183;@∫Œ¿§
1638347104586.jpg;1359;165;1416;166;1416;185;1359;184;@176.17
1638347104586.jpg;1464;167;1503;168;1503;187;1464;186;@µÀ¿◊
1638347104586.jpg;1570;169;1589;169;1589;188;1570;188;@86
1638347104586.jpg;112;162;151;163;149;182;110;181;@π˘≥¨
1638347104586.jpg;208;164;247;165;245;184;206;183;@≥¬≥©
1638347104586.jpg;304;166;333;167;331;186;302;185;@0.9
1638347104586.jpg;408;168;447;169;446;188;408;187;@98.1
1638347104586.jpg;504;170;552;171;552;190;504;189;@66.44
1638347104586.jpg;591;171;648;172;648;191;590;190;@639.43
1638347104586.jpg;687;173;725;174;725;193;686;192;@98.1
1638347104586.jpg;782;175;821;175;821;194;782;194;@7.17
1638347104586.jpg;869;176;946;178;946;197;869;195;@ŒﬁŒ™—¨—º
1638347104586.jpg;974;178;1022;179;1023;198;975;197;@64.75
1638347104586.jpg;1070;180;1109;181;1109;200;1071;199;@0.85
1638347104586.jpg;1167;182;1205;182;1206;201;1167;201;@¡ıΩ®
1638347104586.jpg;1272;184;1311;184;1311;202;1273;202;@85.5
1638347104586.jpg;1359;185;1416;186;1417;204;1360;203;@¡ı Á”¢
1638347104586.jpg;1464;187;1503;188;1504;206;1465;205;@—¶œÎ
1638347104586.jpg;1561;189;1599;190;1600;208;1562;207;@≥¬≥©
1638347104586.jpg;101;182;158;183;157;202;99;201;@ΩØ–„‘∆
1638347104586.jpg;197;184;254;185;253;203;195;202;@153.71
1638347104586.jpg;302;186;340;187;340;205;301;204;@0.84
1638347104586.jpg;408;188;446;189;445;207;407;206;@Õı”¢
1638347104586.jpg;504;190;552;191;551;209;503;208;@95.79
1638347104586.jpg;590;191;638;192;638;210;590;209;@71.98
1638347104586.jpg;677;193;725;194;724;212;676;211;@18.71
1638347104586.jpg;782;195;821;195;821;213;782;213;@40.5
1638347104586.jpg;878;196;936;198;936;215;879;214;@121.04
1638347104586.jpg;984;198;1023;199;1023;217;984;216;@9.03
1638347104586.jpg;1061;200;1119;201;1119;219;1062;218;@¡˙”Ò”¢
1638347104586.jpg;1157;202;1206;202;1206;220;1158;220;@13.68
1638347104586.jpg;1273;203;1311;203;1312;222;1274;222;@Œ∫æß
1638347104586.jpg;1360;204;1417;205;1418;224;1360;223;@ Ø¿º”¢
1638347104586.jpg;1446;206;1523;207;1524;226;1447;225;@æ˘∞≤’Ù÷Ì
1638347104586.jpg;1552;208;1610;209;1611;228;1553;227;@185.84
1638347104586.jpg;109;202;147;202;146;221;108;220;@’‘≤©
1638347104586.jpg;205;203;243;204;241;223;203;222;@91.9
1638347104586.jpg;292;205;349;206;347;225;290;224;@Õı–„¿º
1638347104586.jpg;407;207;445;208;444;227;405;226;@66.9
1638347104586.jpg;513;209;551;210;550;229;511;228;@6.28
1638347104586.jpg;590;210;647;211;646;230;588;229;@–Ìπ’‰
1638347104586.jpg;686;212;724;213;723;232;685;231;@µ•¿⁄
1638347104586.jpg;782;214;821;214;820;233;781;233;@0.93
1638347104586.jpg;869;215;946;217;945;236;868;234;@¿∞Œ∂∫œ’Ù
1638347104586.jpg;975;217;1033;218;1032;237;974;236;@823.47
1638347104586.jpg;1071;219;1110;220;1109;239;1071;238;@’≈æß
1638347104586.jpg;1168;221;1206;221;1206;240;1167;240;@3.17
1638347104586.jpg;1274;223;1312;223;1312;242;1273;242;@0.96
1638347104586.jpg;1360;224;1418;225;1418;244;1360;243;@143.39
1638347104586.jpg;1476;226;1496;227;1496;246;1476;245;@70
1638347104586.jpg;1563;228;1602;229;1602;248;1563;247;@ÕıŒ∞
1638347104586.jpg;97;221;145;222;144;241;96;240;@11.29
1638347104586.jpg;193;223;241;224;240;243;192;242;@97.57
1638347104586.jpg;290;225;347;226;347;245;289;244;@156.86
1638347104586.jpg;396;227;453;228;453;247;395;246;@–ª–„”¢
1638347104586.jpg;521;229;540;229;540;248;520;248;@76
1638347104586.jpg;588;230;636;231;636;250;588;249;@38.27
1638347104586.jpg;675;232;723;233;723;252;675;251;@64.44
1638347104586.jpg;762;233;839;235;839;254;762;252;@ª∆∆“≥¥µ∞
1638347104586.jpg;878;235;926;236;926;255;878;254;@35.41
1638347104586.jpg;974;237;1032;238;1032;257;974;256;@369.18
1638347104586.jpg;1061;239;1119;240;1119;259;1061;258;@173.95
1638347104586.jpg;1167;241;1206;241;1206;260;1168;260;@∂ŒΩ‡
1638347104586.jpg;1264;242;1322;243;1323;262;1264;261;@÷£–„∑º
1638347104586.jpg;1360;244;1418;245;1419;264;1361;263;@¡˙ª¢∂∑
1638347104586.jpg;1447;246;1525;247;1526;266;1448;265;@±±æ©øæ—º
1638347104586.jpg;1573;248;1592;248;1594;267;1574;267;@57
1638347104586.jpg;96;241;154;242;152;261;94;260;@855.73
1638347104586.jpg;211;243;231;244;230;263;210;262;@89
1638347104586.jpg;298;245;337;246;336;265;297;264;@∞◊æ¸
1638347104586.jpg;395;247;453;248;452;267;394;266;@≥¥ÀÆ…ﬂ
1638347104586.jpg;501;249;559;250;558;269;500;268;@133.01
1638347104586.jpg;588;250;646;251;645;270;587;269;@ÕıÊ√Ê√
1638347104586.jpg;675;252;733;253;732;271;674;270;@191.68
1638347104586.jpg;762;253;839;255;839;273;762;271;@≥¥ÀÆ”„Àø
1638347104586.jpg;878;255;926;256;926;274;878;273;@95.93
1638347104586.jpg;974;257;1023;258;1023;276;975;275;@61.69
1638347104586.jpg;1071;259;1110;260;1110;278;1071;277;@Õı∂´
1638347104586.jpg;1158;261;1206;261;1207;279;1159;279;@296.1
1638347104586.jpg;1264;262;1323;263;1323;281;1265;280;@216.23
1638347104586.jpg;1361;264;1419;265;1420;283;1362;282;@’≈–„’‰
1638347104586.jpg;1458;266;1516;267;1517;285;1459;284;@¿Óπ∑º
1638347104586.jpg;1555;268;1613;269;1614;287;1556;286;@262.26
1638347104586.jpg;94;261;152;262;150;280;92;279;@166.07
1638347104586.jpg;181;263;259;264;257;282;179;281;@¿÷¥””„∏Ø
1638347104586.jpg;307;265;326;265;324;283;305;283;@89
1638347104586.jpg;404;267;442;268;441;286;402;285;@19.1
1638347104586.jpg;500;269;558;270;557;288;499;287;@ÀÔ¥∫√∑
1638347104586.jpg;587;270;645;270;644;289;586;288;@521905
1638347104586.jpg;684;271;723;272;722;291;683;290;@2.24
1638347104586.jpg;781;273;820;273;819;292;780;292;@9.03
1638347104586.jpg;878;274;936;275;935;294;877;293;@¡ı Á”¢
1638347104586.jpg;975;276;1033;277;1032;296;974;295;@463.39
1638347104586.jpg;1062;278;1120;279;1119;298;1061;297;@953.86
1638347104586.jpg;1168;280;1207;280;1207;299;1168;299;@π»µ§
1638347104586.jpg;1265;281;1323;282;1323;301;1265;300;@121694
1638347104586.jpg;1362;283;1411;284;1411;303;1362;302;@240.9
1638347104586.jpg;1469;285;1508;286;1508;305;1469;304;@Õı∂´
1638347104586.jpg;1556;287;1605;288;1605;307;1556;306;@25.17
1638347104586.jpg;102;280;140;281;139;300;101;299;@86.3
1638347104586.jpg;189;282;247;283;246;302;188;301;@≈∑Ω®ª™
1638347104586.jpg;286;284;334;285;333;304;285;303;@74.09
1638347104586.jpg;392;286;450;287;450;306;391;305;@466.02
1638347104586.jpg;508;288;547;289;547;308;508;307;@1.36
1638347104586.jpg;586;289;634;290;634;309;585;308;@54.69
1638347104586.jpg;683;291;722;292;721;311;683;310;@7.81
1638347104586.jpg;760;292;838;294;838;313;760;311;@¿÷¥””„∏Ø
1638347104586.jpg;877;294;935;295;935;314;877;313;@¿Ë∫£—‡
1638347104586.jpg;974;296;1032;297;1032;316;974;315;@152577
1638347104586.jpg;1071;298;1110;299;1110;318;1071;317;@7.42
1638347104586.jpg;1158;300;1216;301;1217;320;1159;318;@180.95
1638347104586.jpg;1265;301;1323;302;1324;321;1266;320;@∏ Á¿º
1638347104586.jpg;1362;303;1411;304;1412;323;1363;322;@240.9
1638347104586.jpg;1459;305;1518;306;1519;325;1460;324;@109.82
1638347104586.jpg;1556;307;1615;308;1616;327;1558;326;@880.64
1638347104586.jpg;91;300;139;301;138;320;89;319;@53.02
1638347104586.jpg;188;302;246;303;245;322;187;321;@¿Ó Á¿º
1638347104586.jpg;285;304;343;305;342;324;284;323;@355.82
1638347104586.jpg;391;306;440;307;439;326;391;325;@64.75
1638347104586.jpg;508;308;547;309;546;327;507;327;@0.94
1638347104586.jpg;605;310;624;310;624;329;604;329;@85
1638347104586.jpg;683;311;721;312;721;331;682;330;@—Ó∏’
1638347104586.jpg;780;313;819;313;818;332;780;332;@83.0
1638347104586.jpg;887;315;925;315;926;334;887;334;@Ã’—Û
1638347104586.jpg;974;316;1032;317;1033;336;974;335;@265.18
1638347104586.jpg;1081;318;1100;318;1101;337;1081;337;@52
1638347104586.jpg;1178;320;1198;320;1198;339;1179;339;@83
1638347104586.jpg;1256;321;1334;323;1335;342;1257;340;@¿∞Œ∂∫œ’Ù
1638347104586.jpg;1373;323;1412;324;1413;343;1374;342;@∑Îƒ˛
1638347104586.jpg;1460;325;1519;326;1520;345;1461;344;@¿Ë∫£—‡
1638347104586.jpg;1558;327;1606;328;1608;347;1559;346;@75.18
1638347104586.jpg;89;320;138;321;136;340;87;339;@77.54
1638347104586.jpg;187;322;235;323;233;342;184;341;@71.38
1638347104586.jpg;293;324;332;325;330;344;291;343;@—ÓÊ√
1638347104586.jpg;400;326;439;327;437;346;399;345;@0.95
1638347104586.jpg;497;328;556;329;554;348;496;347;@151.27
1638347104586.jpg;585;329;634;330;632;349;584;348;@85.08
1638347104586.jpg;682;331;721;332;720;351;681;350;@3.23
1638347104586.jpg;770;333;828;334;827;353;769;352;@¿Ó–„ª™
1638347104586.jpg;877;334;926;335;925;354;876;353;@20.43
1638347104586.jpg;984;336;1023;337;1022;356;983;355;@∫Ó”Ò
1638347104586.jpg;1062;338;1120;339;1120;358;1061;357;@149.69
1638347104586.jpg;1159;339;1218;341;1217;360;1159;358;@130.75
1638347104586.jpg;1286;342;1305;342;1305;361;1286;361;@80
1638347104586.jpg;1383;344;1403;344;1403;363;1383;363;@55
1638347104586.jpg;1461;345;1520;346;1520;365;1461;364;@’≈π÷•
1638347104586.jpg;1559;347;1608;348;1608;368;1559;366;@14.54
1638347104586.jpg;87;340;145;341;144;360;86;359;@∏ﬂ–„√∑
1638347104586.jpg;194;342;233;343;232;362;193;361;@9.13
1638347104586.jpg;282;344;330;345;329;364;281;363;@67.61
1638347104586.jpg;389;346;447;347;446;366;388;365;@189.11
1638347104586.jpg;496;348;554;349;554;369;495;368;@¬Ì∑Ô”¢
1638347104586.jpg;593;349;632;350;632;370;593;369;@∂≈—Û
1638347104586.jpg;671;351;730;352;729;372;671;371;@¡˙”Ò”¢
1638347104586.jpg;769;353;827;354;827;374;769;373;@816.43
1638347104586.jpg;876;354;934;355;935;375;876;374;@≥¬–°∫Ï
1638347104586.jpg;973;356;1022;357;1022;377;974;376;@34.57
1638347104586.jpg;1061;358;1120;359;1120;379;1062;378;@135.16
1638347104586.jpg;1159;359;1217;361;1218;381;1159;379;@≈©–°∫Ï
1638347104586.jpg;1276;362;1315;362;1316;382;1277;382;@23.6
1638347104586.jpg;1364;363;1422;364;1423;384;1365;383;@102.36
1638347104586.jpg;1481;365;1501;366;1502;386;1482;385;@56
1638347104586.jpg;1559;368;1618;369;1619;388;1560;387;@¿Ó–„√∑
1638347104586.jpg;86;360;134;361;133;381;84;380;@628.4
1638347104586.jpg;183;362;242;363;241;383;182;382;@151.07
1638347104586.jpg;290;364;329;365;329;385;289;384;@62.2
1638347104586.jpg;368;365;466;368;465;387;368;385;@æ˘∞≤ºÂ”„±˝
1638347104586.jpg;495;369;554;370;553;389;495;388;@«ÿπ’‰
1638347104586.jpg;593;370;632;371;631;390;592;389;@11.7
1638347104586.jpg;671;372;729;373;729;392;671;391;@669.14
1638347104586.jpg;778;374;817;374;817;393;778;393;@3.17
1638347104586.jpg;876;375;935;376;935;395;876;394;@761615
1638347104586.jpg;974;377;1023;378;1023;397;974;396;@30.38
1638347104586.jpg;1071;379;1110;380;1111;399;1072;398;@87.9
1638347104586.jpg;1159;380;1218;382;1219;401;1160;399;@679.27
1638347104586.jpg;1277;383;1316;383;1317;402;1277;402;@86.3
1638347104586.jpg;1365;384;1423;385;1424;404;1366;403;@284.75
1638347104586.jpg;1463;386;1521;387;1521;406;1464;405;@–¡π”¢
1638347104586.jpg;1570;388;1609;389;1610;408;1570;407;@8.13
1638347104586.jpg;94;381;133;382;131;401;92;400;@25.3
1638347104586.jpg;182;383;241;384;239;403;180;402;@ Ø¿º”¢
1638347104586.jpg;280;385;328;386;327;405;278;404;@18.09
1638347104586.jpg;377;387;455;388;454;407;376;406;@≥¥ÀÆ”„Àø
1638347104586.jpg;514;389;534;389;532;408;513;408;@80
1638347104586.jpg;592;390;631;391;630;410;591;409;@8.13
1638347104586.jpg;680;392;719;393;718;412;679;411;@0.92
1638347104586.jpg;778;394;817;394;816;413;777;413;@11.7
1638347104586.jpg;886;396;925;396;924;415;885;415;@0.83
1638347104586.jpg;993;398;1013;398;1012;417;993;417;@40
1638347104586.jpg;1062;399;1121;400;1120;419;1061;418;@¡ı–„√∑
1638347104586.jpg;1160;400;1219;402;1218;421;1159;419;@169.92
1638347104586.jpg;1268;402;1326;403;1326;422;1267;421;@474.17
1638347104586.jpg;1366;404;1414;405;1415;424;1366;423;@94.85
1638347104586.jpg;1463;406;1512;407;1513;426;1464;425;@57.35
1638347104586.jpg;1571;408;1610;409;1611;428;1572;427;@0.87
1638347104586.jpg;82;401;141;402;140;421;81;420;@ª∆–„¿º
1638347104586.jpg;190;403;229;404;228;423;188;422;@0.91
1638347104586.jpg;278;405;327;406;326;425;277;424;@32.43
1638347104586.jpg;385;407;444;408;443;427;384;426;@163.44
1638347104586.jpg;493;409;542;409;541;428;492;428;@32.43
1638347104586.jpg;581;410;630;411;630;430;581;429;@53.27
1638347104586.jpg;679;412;718;413;718;432;679;431;@≈À¿ˆ
1638347104586.jpg;767;414;826;415;826;434;767;432;@¡ı–„√∑
1638347104586.jpg;885;416;924;416;924;435;885;435;@≥¬Àß
1638347104586.jpg;973;417;1032;418;1032;438;973;437;@126.43
1638347104586.jpg;1061;419;1120;420;1121;440;1062;439;@144.65
1638347104586.jpg;1169;421;1209;421;1209;441;1170;441;@0.81
1638347104586.jpg;1277;423;1316;423;1317;443;1278;443;@23.6
1638347104586.jpg;1366;424;1415;425;1416;445;1366;444;@45.09
1638347104586.jpg;1464;426;1523;427;1524;447;1465;446;@¡ı–„√∑
1638347104586.jpg;1562;428;1611;429;1612;449;1563;448;@85.42
1638347104586.jpg;100;422;120;422;119;442;99;442;@70
1638347104586.jpg;179;423;237;424;236;444;177;443;@301956
1638347104586.jpg;277;425;326;426;325;446;276;445;@85.64
1638347104586.jpg;384;427;433;428;433;448;384;447;@44.74
1638347104586.jpg;492;429;541;429;541;449;492;449;@15.97
1638347104586.jpg;590;430;630;431;629;451;590;450;@÷ßΩ‡
1638347104586.jpg;669;432;728;433;728;453;669;452;@¿Ó–„ª™
1638347104586.jpg;767;433;826;435;826;455;767;453;@138.28
1638347104586.jpg;875;435;934;437;934;456;875;455;@¬¿”Ò√∑
1638347104586.jpg;983;438;1022;439;1023;458;983;457;@0.92
1638347104586.jpg;1062;440;1121;441;1121;460;1062;459;@¬Ì∑Ô”¢
1638347104586.jpg;1170;442;1209;442;1210;461;1170;461;@3.17
1638347104586.jpg;1268;443;1317;444;1317;463;1268;462;@61.94
1638347104586.jpg;1366;445;1425;446;1425;465;1366;464;@529667
1638347104586.jpg;1465;447;1524;448;1524;467;1465;466;@¬¿¥∫√∑
1638347104586.jpg;1573;449;1613;450;1613;469;1573;468;@57.5
1638347104586.jpg;79;442;128;443;126;462;77;461;@61.12
1638347104586.jpg;187;444;227;445;224;464;185;463;@7.42
1638347104586.jpg;285;446;325;447;323;466;283;465;@ƒﬂ«ø
1638347104586.jpg;384;448;443;449;441;468;382;467;@297426
1638347104586.jpg;502;450;541;450;539;469;500;469;@0.83
1638347104586.jpg;590;451;629;452;628;471;589;470;@98.1
1638347104586.jpg;669;453;728;454;726;473;667;472;@180.63
1638347104586.jpg;767;454;826;456;825;475;766;473;@120.58
1638347104586.jpg;885;457;924;457;923;476;884;476;@’≈¡˙
1638347104586.jpg;983;458;1023;459;1022;479;983;477;@’‘ø°
1638347104586.jpg;1062;460;1120;461;1121;481;1061;480;@1707.9
1638347104586.jpg;1160;461;1219;463;1219;483;1160;481;@ª∆Ω∑Ô
1638347104586.jpg;1268;463;1317;464;1318;484;1269;483;@93.78
1638347104586.jpg;1366;465;1426;466;1427;486;1367;485;@Œ‚–„∑º
1638347104586.jpg;1475;467;1514;468;1515;488;1476;487;@0.81
1638347104586.jpg;1573;469;1613;470;1614;490;1575;489;@0.88
1638347104586.jpg;87;462;126;463;125;483;85;482;@¡ı”¢
1638347104586.jpg;195;464;215;465;213;485;194;484;@75
1638347104586.jpg;283;466;323;467;322;487;282;486;@9.13
1638347104586.jpg;382;468;431;469;430;489;381;488;@190.7
1638347104586.jpg;500;470;539;470;539;490;499;490;@6.25
1638347104586.jpg;589;471;628;472;628;492;588;491;@0.93
1638347104586.jpg;677;473;717;474;716;494;677;493;@0.86
1638347104586.jpg;766;474;825;476;825;496;766;494;@Ï¿∫Ã≥Ê
1638347104586.jpg;884;477;923;477;924;497;884;497;@9.27
1638347104586.jpg;983;479;1022;480;1022;499;983;498;@∂≈ƒ»
1638347104586.jpg;1061;481;1121;482;1121;501;1062;500;@758128
1638347104586.jpg;1160;482;1219;484;1220;503;1161;501;@356.39
1638347104586.jpg;1269;484;1318;485;1319;504;1269;503;@45.56
1638347104586.jpg;1367;486;1427;487;1428;506;1368;505;@258.34
1638347104586.jpg;1476;488;1515;489;1517;508;1477;507;@2.14
1638347104586.jpg;1565;490;1614;491;1615;509;1566;509;@70.78
1638347104586.jpg;94;94;1621;121;1642;522;60;493;cell@
1638347104586.jpg;94;94;1621;121;1642;522;60;493;table@1
