1638347064200.jpg;217;109;254;113;252;132;214;128;@单价
1638347064200.jpg;320;122;367;127;366;142;318;137;@23.49
1638347064200.jpg;434;135;472;139;470;153;431;149;@9.32
1638347064200.jpg;528;145;585;151;584;165;527;159;@165.98
1638347064200.jpg;623;152;680;158;678;177;621;171;@冯桂英
1638347064200.jpg;718;165;765;170;763;184;716;179;@59.69
1638347064200.jpg;813;172;870;178;868;197;811;192;@何淑华
1638347064200.jpg;917;186;955;190;954;204;916;200;@98.1
1638347064200.jpg;1013;196;1050;200;1049;215;1011;210;@0.85
1638347064200.jpg;1088;204;1146;210;1144;225;1088;219;@326.52
1638347064200.jpg;1184;214;1241;221;1240;235;1182;228;@131.25
1638347064200.jpg;1279;222;1337;227;1335;247;1277;241;@程秀梅
1638347064200.jpg;1375;231;1433;238;1430;256;1373;251;@甘桂香
1638347064200.jpg;1480;243;1537;249;1536;268;1478;262;@林秀梅
1638347064200.jpg;1594;257;1613;259;1613;274;1594;272;@56
1638347064200.jpg;1671;266;1710;270;1708;285;1670;281;@2.24
1638347064200.jpg;192;145;268;153;266;172;190;164;@支付方式
1638347064200.jpg;316;158;372;164;370;183;313;177;@烤乳猪
1638347064200.jpg;420;170;477;175;474;195;417;188;@李婷婷
1638347064200.jpg;523;183;571;188;569;202;522;197;@31.86
1638347064200.jpg;619;191;676;196;674;216;617;209;@辣子鸡
1638347064200.jpg;713;203;761;208;759;223;712;218;@154.0
1638347064200.jpg;819;211;857;216;855;235;817;230;@王英
1638347064200.jpg;904;224;952;228;950;243;902;238;@98.88
1638347064200.jpg;1000;233;1056;240;1055;254;998;248;@529667
1638347064200.jpg;1094;244;1123;247;1121;261;1093;258;@4.5
1638347064200.jpg;1171;249;1247;257;1245;276;1169;268;@炒水蛇片
1638347064200.jpg;1276;263;1334;269;1332;284;1274;278;@196.72
1638347064200.jpg;1371;273;1419;278;1418;292;1370;288;@97.88
1638347064200.jpg;1477;285;1524;289;1523;304;1475;298;@51.12
1638347064200.jpg;1582;292;1620;296;1619;316;1580;312;@徐勇
1638347064200.jpg;1659;303;1716;310;1715;325;1657;318;@974115
1638347064200.jpg;187;183;263;192;261;211;184;202;@发件地址
1638347064200.jpg;320;197;358;201;355;221;317;217;@翟成
1638347064200.jpg;424;208;463;213;460;231;422;227;@浦宁
1638347064200.jpg;519;219;576;225;574;244;517;238;@秦桂珍
1638347064200.jpg;615;231;661;237;660;251;612;246;@71.04
1638347064200.jpg;719;240;757;244;755;263;717;259;@赖鑫
1638347064200.jpg;805;249;862;255;860;274;803;268;@辛桂英
1638347064200.jpg;909;263;948;267;946;282;908;278;@31.8
1638347064200.jpg;1004;273;1043;277;1041;291;1004;288;@9.03
1638347064200.jpg;1091;280;1129;284;1128;303;1089;298;@张柳
1638347064200.jpg;1176;291;1225;296;1223;311;1176;306;@101.4
1638347064200.jpg;1282;299;1321;304;1319;324;1281;319;@潘丽
1638347064200.jpg;1359;308;1435;316;1434;335;1357;327;@东安子鸡
1638347064200.jpg;1474;323;1521;328;1521;342;1472;337;@66.93
1638347064200.jpg;1570;333;1618;338;1616;353;1568;348;@10.53
1638347064200.jpg;1656;342;1713;348;1713;363;1655;357;@652.45
1638347064200.jpg;182;222;258;229;256;249;179;241;@发件电话
1638347064200.jpg;305;238;353;243;350;257;304;253;@24.68
1638347064200.jpg;409;249;457;254;456;268;408;263;@85.04
1638347064200.jpg;505;256;581;264;579;284;503;275;@西湖醋鱼
1638347064200.jpg;610;267;667;273;665;292;608;287;@辛桂英
1638347064200.jpg;705;281;753;286;751;300;703;294;@98.73
1638347064200.jpg;801;288;858;293;856;313;798;307;@施桂花
1638347064200.jpg;906;301;943;306;942;321;904;316;@9.03
1638347064200.jpg;1001;312;1039;316;1037;330;1000;327;@70.8
1638347064200.jpg;1078;317;1135;324;1134;342;1076;336;@陈小红
1638347064200.jpg;1192;332;1212;334;1210;349;1191;347;@47
1638347064200.jpg;1269;340;1326;346;1326;361;1268;355;@149.46
1638347064200.jpg;1375;352;1413;356;1412;371;1373;367;@6.47
1638347064200.jpg;1481;360;1518;364;1517;383;1479;379;@方林
1638347064200.jpg;1567;372;1615;377;1614;392;1565;387;@32.43
1638347064200.jpg;1654;378;1711;384;1710;404;1652;398;@秦桂珍
1638347064200.jpg;177;260;252;268;250;288;174;280;@发件电话
1638347064200.jpg;300;276;348;282;346;296;298;290;@93.78
1638347064200.jpg;404;288;462;293;460;308;403;302;@141.24
1638347064200.jpg;510;298;566;305;565;320;508;313;@777.42
1638347064200.jpg;614;310;643;313;641;327;613;325;@1.0
1638347064200.jpg;710;320;748;325;747;338;708;334;@0.82
1638347064200.jpg;796;329;854;335;852;350;794;344;@918.67
1638347064200.jpg;892;339;949;345;948;360;890;354;@848658
1638347064200.jpg;1007;352;1026;354;1024;369;1005;367;@62
1638347064200.jpg;1074;356;1131;362;1129;381;1072;375;@程凤兰
1638347064200.jpg;1189;371;1208;373;1207;388;1187;386;@72
1638347064200.jpg;1275;380;1314;384;1313;399;1274;395;@23.6
1638347064200.jpg;1362;389;1419;396;1418;411;1360;404;@182.91
1638347064200.jpg;1477;402;1516;406;1514;421;1476;417;@40.5
1638347064200.jpg;1564;411;1612;417;1611;431;1563;426;@85.81
1638347064200.jpg;1650;421;1699;426;1697;440;1650;435;@43.17
1638347064200.jpg;191;301;228;305;226;325;188;321;@总价
1638347064200.jpg;305;316;342;320;341;334;302;330;@2.46
1638347064200.jpg;400;327;448;331;446;346;398;341;@61.11
1638347064200.jpg;496;333;572;342;569;361;494;353;@西湖醋鱼
1638347064200.jpg;601;345;658;351;656;371;598;365;@牛淑华
1638347064200.jpg;696;358;753;364;752;378;695;372;@153.39
1638347064200.jpg;792;366;850;371;848;391;790;384;@东坡肉
1638347064200.jpg;887;378;936;383;934;398;886;393;@21.59
1638347064200.jpg;984;388;1032;394;1030;409;982;403;@86.69
1638347064200.jpg;1080;396;1118;400;1116;420;1078;416;@郭倩
1638347064200.jpg;1166;408;1214;414;1213;427;1164;423;@85.81
1638347064200.jpg;1262;419;1320;425;1318;439;1261;433;@152.55
1638347064200.jpg;1359;428;1416;434;1415;449;1357;443;@166.53
1638347064200.jpg;1474;441;1513;445;1511;460;1472;456;@0.92
1638347064200.jpg;1561;447;1618;453;1617;473;1560;467;@陆秀兰
1638347064200.jpg;1657;461;1696;465;1695;480;1656;476;@1.36
1638347064200.jpg;176;338;233;345;230;365;173;358;@发件人
1638347064200.jpg;290;351;348;357;345;376;288;371;@林丽丽
1638347064200.jpg;395;365;453;371;450;386;393;379;@301956
1638347064200.jpg;510;374;548;378;546;398;508;394;@邢莹
1638347064200.jpg;606;387;644;392;642;407;604;402;@9.13
1638347064200.jpg;701;398;740;402;738;417;700;413;@0.99
1638347064200.jpg;788;404;846;411;844;429;786;424;@冯桂英
1638347064200.jpg;883;415;941;421;939;440;881;434;@何淑华
1638347064200.jpg;990;428;1027;432;1026;447;988;443;@7.81
1638347064200.jpg;1066;437;1114;442;1113;457;1065;452;@42.42
1638347064200.jpg;1172;446;1210;450;1210;469;1171;465;@邓霞
1638347064200.jpg;1259;458;1307;463;1306;478;1257;472;@86.69
1638347064200.jpg;1356;465;1413;471;1411;491;1354;485;@方红梅
1638347064200.jpg;1461;479;1510;485;1508;500;1460;494;@54.69
1638347064200.jpg;1577;492;1596;494;1596;509;1576;507;@55
1638347064200.jpg;1665;501;1684;504;1683;517;1663;515;@71
1638347064200.jpg;151;375;247;386;245;405;148;395;@提货人签字
1638347064200.jpg;276;389;352;397;349;417;273;409;@西湖醋鱼
1638347064200.jpg;390;404;447;411;446;425;388;419;@448.68
1638347064200.jpg;495;416;543;421;541;435;494;430;@32.03
1638347064200.jpg;601;426;639;430;638;445;599;441;@0.82
1638347064200.jpg;687;433;745;439;743;457;685;451;@王玉兰
1638347064200.jpg;793;444;832;448;829;468;791;464;@张柳
1638347064200.jpg;889;455;928;459;926;479;887;474;@单磊
1638347064200.jpg;986;465;1024;469;1022;489;984;485;@张龙
1638347064200.jpg;1072;477;1111;482;1109;497;1070;492;@2.46
1638347064200.jpg;1158;487;1217;493;1215;508;1158;502;@316.07
1638347064200.jpg;1255;494;1314;501;1312;519;1254;513;@杨桂花
1638347064200.jpg;1361;509;1400;512;1399;527;1361;523;@2.46
1638347064200.jpg;1458;518;1506;523;1506;538;1457;533;@21.59
1638347064200.jpg;1555;526;1613;532;1612;552;1553;546;@王建平
1638347064200.jpg;1652;536;1691;540;1690;560;1651;556;@张彬
1638347064200.jpg;155;416;232;424;230;443;153;435;@发件电话
1638347064200.jpg;279;432;328;437;325;452;278;446;@103.9
1638347064200.jpg;395;441;434;445;431;465;393;461;@刘英
1638347064200.jpg;491;455;539;460;537;475;488;469;@59.97
1638347064200.jpg;606;467;625;469;624;484;604;482;@77
1638347064200.jpg;683;475;741;482;739;497;681;490;@761615
1638347064200.jpg;779;486;837;492;835;507;778;501;@872041
1638347064200.jpg;876;496;933;503;932;517;874;510;@646537
1638347064200.jpg;981;508;1020;511;1018;526;980;522;@7.17
1638347064200.jpg;1069;516;1106;520;1106;535;1067;531;@87.9
1638347064200.jpg;1156;523;1213;529;1212;549;1153;543;@杨桂花
1638347064200.jpg;1262;537;1290;540;1289;555;1260;552;@1.0
1638347064200.jpg;1358;548;1397;552;1396;567;1357;563;@39.8
1638347064200.jpg;1465;556;1504;560;1502;580;1464;576;@王芳
1638347064200.jpg;1562;570;1601;574;1599;589;1560;584;@0.94
1638347064200.jpg;1650;576;1688;580;1686;600;1648;596;@萧帆
1638347064200.jpg;150;455;227;463;224;483;148;475;@收件电话
1638347064200.jpg;284;469;323;474;320;493;282;489;@任荣
1638347064200.jpg;380;483;438;489;435;504;378;498;@181.06
1638347064200.jpg;496;495;534;500;532;513;494;510;@70.8
1638347064200.jpg;592;506;630;510;628;524;590;520;@57.5
1638347064200.jpg;679;511;737;517;735;537;677;531;@陈桂珍
1638347064200.jpg;784;526;823;530;821;545;783;541;@38.2
1638347064200.jpg;890;537;910;539;909;554;889;552;@49
1638347064200.jpg;968;546;1016;551;1014;566;966;560;@67.13
1638347064200.jpg;1065;556;1103;560;1102;575;1063;571;@0.93
1638347064200.jpg;1161;563;1200;568;1198;588;1159;583;@王晶
1638347064200.jpg;1259;574;1298;578;1295;598;1257;594;@谷丹
1638347064200.jpg;1345;586;1394;592;1392;606;1344;601;@202.8
1638347064200.jpg;1452;598;1500;603;1499;618;1451;613;@65.24
1638347064200.jpg;1559;606;1598;611;1597;630;1558;626;@杨明
1638347064200.jpg;1637;615;1695;621;1694;641;1635;635;@王建平
1638347064200.jpg;135;493;231;504;228;523;133;512;@提货人签字
1638347064200.jpg;270;510;327;516;325;531;267;525;@139611
1638347064200.jpg;385;520;423;524;421;544;382;540;@徐勇
1638347064200.jpg;481;533;539;539;537;554;479;548;@874168
1638347064200.jpg;587;545;626;549;624;564;585;559;@95.8
1638347064200.jpg;693;556;712;558;711;573;692;571;@51
1638347064200.jpg;790;567;809;569;807;584;788;581;@48
1638347064200.jpg;876;576;915;580;914;595;875;591;@1.62
1638347064200.jpg;964;585;1022;592;1021;607;962;600;@795957
1638347064200.jpg;1052;592;1109;598;1107;618;1050;612;@东坡肉
1638347064200.jpg;1158;603;1197;607;1195;626;1156;622;@王鹏
1638347064200.jpg;1246;613;1303;619;1301;639;1244;633;@次日达
1638347064200.jpg;1342;626;1400;632;1399;647;1341;641;@313.77
1638347064200.jpg;1449;635;1507;641;1506;661;1447;655;@张桂兰
1638347064200.jpg;1546;648;1604;654;1604;669;1545;663;@130.36
1638347064200.jpg;1643;656;1682;660;1681;680;1642;675;@张成
1638347064200.jpg;149;534;207;541;204;560;147;554;@收件人
1638347064200.jpg;274;548;313;552;311;572;272;568;@陈岩
1638347064200.jpg;361;557;438;566;436;586;358;577;@炒水蛇片
1638347064200.jpg;486;574;524;578;523;593;484;589;@79.7
1638347064200.jpg;583;581;622;586;619;605;580;601;@朱文
1638347064200.jpg;680;592;718;596;716;616;678;612;@单磊
1638347064200.jpg;766;604;824;610;823;625;764;619;@364.81
1638347064200.jpg;854;611;931;619;929;639;852;631;@腊味合蒸
1638347064200.jpg;960;625;1018;631;1017;646;958;640;@783.92
1638347064200.jpg;1048;632;1105;638;1104;658;1045;651;@黄丽娟
1638347064200.jpg;1145;645;1202;651;1201;666;1143;660;@163.12
1638347064200.jpg;1251;656;1290;661;1288;676;1249;671;@85.5
1638347064200.jpg;1339;663;1398;669;1395;689;1337;683;@叶冬梅
1638347064200.jpg;1456;678;1495;683;1493;698;1454;693;@97.5
1638347064200.jpg;1553;689;1592;693;1591;709;1552;705;@13.4
1638347064200.jpg;1641;698;1680;703;1679;718;1639;714;@11.7
1638347064200.jpg;125;572;221;582;218;602;121;592;@提货人签字
1638347064200.jpg;268;591;307;595;306;610;267;606;@5.45
1638347064200.jpg;375;602;414;606;412;621;373;617;@47.0
1638347064200.jpg;481;614;520;618;518;633;480;629;@6.47
1638347064200.jpg;568;623;626;629;625;644;566;638;@115.49
1638347064200.jpg;684;636;704;638;702;653;682;651;@45
1638347064200.jpg;772;642;811;646;809;666;770;662;@卞瑞
1638347064200.jpg;869;653;908;657;906;677;867;672;@姜洁
1638347064200.jpg;956;662;1014;668;1012;688;954;682;@高秀梅
1638347064200.jpg;1063;676;1082;678;1081;693;1061;691;@88
1638347064200.jpg;1140;685;1189;690;1188;706;1139;701;@38.27
1638347064200.jpg;1238;695;1297;702;1295;717;1236;711;@307237
1638347064200.jpg;1336;704;1394;710;1392;730;1334;724;@龙玉英
1638347064200.jpg;1443;715;1502;721;1500;741;1441;735;@高秀梅
1638347064200.jpg;1550;730;1589;734;1587;749;1549;745;@85.5
1638347064200.jpg;1648;740;1668;742;1666;757;1646;755;@48
1638347064200.jpg;119;612;216;622;213;642;116;632;@提货人签字
1638347064200.jpg;263;630;302;635;300;650;262;645;@0.85
1638347064200.jpg;370;642;408;646;407;661;368;657;@9.13
1638347064200.jpg;476;653;515;658;513;673;474;668;@35.7
1638347064200.jpg;574;661;613;665;610;685;571;681;@王宇
1638347064200.jpg;660;673;719;680;717;695;658;688;@141.44
1638347064200.jpg;757;684;806;689;805;705;756;700;@41.93
1638347064200.jpg;865;692;904;696;902;717;863;713;@桑旭
1638347064200.jpg;961;707;1000;711;999;726;960;722;@9.48
1638347064200.jpg;1040;715;1089;720;1087;735;1038;730;@71.04
1638347064200.jpg;1137;726;1195;732;1194;747;1136;740;@153.05
1638347064200.jpg;1235;736;1292;742;1292;757;1233;751;@322649
1638347064200.jpg;1332;746;1391;753;1389;768;1331;761;@129778
1638347064200.jpg;1450;759;1488;763;1487;778;1448;774;@81.9
1638347064200.jpg;1547;766;1586;771;1585;792;1545;787;@潘丽
1638347064200.jpg;1626;778;1684;785;1683;800;1624;794;@463301
1638347064200.jpg;133;654;191;660;189;680;130;674;@收件人
1638347064200.jpg;248;669;297;674;295;689;247;684;@43.77
1638347064200.jpg;355;681;403;686;402;702;353;696;@85.69
1638347064200.jpg;472;693;511;697;508;713;469;709;@0.83
1638347064200.jpg;559;701;617;707;615;727;557;721;@炖禾虫
1638347064200.jpg;656;714;714;720;713;735;654;729;@104.29
1638347064200.jpg;772;727;792;729;790;744;771;742;@66
1638347064200.jpg;851;732;909;738;908;757;849;751;@飞龙汤
1638347064200.jpg;958;747;997;751;995;766;957;761;@9.03
1638347064200.jpg;1036;755;1094;761;1093;776;1034;770;@153.39
1638347064200.jpg;1133;765;1182;771;1180;786;1132;780;@94.85
1638347064200.jpg;1231;776;1279;781;1279;797;1229;792;@41.93
1638347064200.jpg;1329;787;1388;793;1386;808;1327;802;@120.55
1638347064200.jpg;1446;800;1485;804;1484;819;1445;815;@0.92
1638347064200.jpg;1554;811;1574;813;1572;828;1552;826;@89
1638347064200.jpg;1642;821;1661;823;1661;838;1641;836;@46
1638347064200.jpg;137;694;176;700;174;719;135;714;@备注
1638347064200.jpg;253;711;292;715;290;730;251;726;@31.3
1638347064200.jpg;350;721;408;728;406;743;348;736;@264715
1638347064200.jpg;467;734;505;738;504;753;465;749;@6.47
1638347064200.jpg;554;743;603;749;601;764;553;758;@628.4
1638347064200.jpg;652;754;710;760;708;775;650;769;@173.96
1638347064200.jpg;759;765;788;769;786;783;756;780;@4.5
1638347064200.jpg;847;775;905;781;904;797;845;791;@180.34
1638347064200.jpg;944;786;993;791;991;806;942;801;@49.81
1638347064200.jpg;1041;797;1080;801;1079;816;1040;812;@11.7
1638347064200.jpg;1130;806;1179;811;1177;826;1128;821;@194.8
1638347064200.jpg;1227;817;1276;822;1275;837;1226;831;@24.75
1638347064200.jpg;1325;824;1384;830;1383;851;1324;845;@吴秀芳
1638347064200.jpg;1443;841;1482;845;1480;860;1442;855;@0.89
1638347064200.jpg;1541;851;1580;855;1579;870;1540;866;@0.99
1638347064200.jpg;1619;859;1669;865;1667;880;1619;874;@62.03
1638347064200.jpg;132;735;170;739;167;759;129;755;@货物
1638347064200.jpg;238;750;296;756;295;771;236;765;@112.74
1638347064200.jpg;345;761;394;766;391;781;344;776;@75.18
1638347064200.jpg;453;770;511;776;508;797;450;791;@陈桂珍
1638347064200.jpg;559;785;598;789;596;804;557;800;@8.13
1638347064200.jpg;646;795;695;800;694;815;645;810;@78.74
1638347064200.jpg;754;806;794;810;792;825;752;821;@90.6
1638347064200.jpg;861;818;881;820;880;835;860;833;@65
1638347064200.jpg;940;823;999;829;997;850;938;844;@刘秀荣
1638347064200.jpg;1028;832;1087;839;1085;860;1027;853;@施桂花
1638347064200.jpg;1126;847;1184;853;1183;868;1124;862;@156.86
1638347064200.jpg;1224;854;1283;861;1281;881;1222;874;@张丽丽
1638347064200.jpg;1332;869;1370;873;1370;889;1330;884;@6.28
1638347064200.jpg;1430;879;1479;886;1478;900;1428;895;@84.94
1638347064200.jpg;1528;888;1587;894;1585;914;1527;908;@王玉华
1638347064200.jpg;1616;897;1676;903;1675;923;1615;917;@杨桂花
1638347064200.jpg;126;775;165;779;162;799;123;795;@品名
1638347064200.jpg;243;789;282;793;279;813;241;808;@杨伟
1638347064200.jpg;340;802;389;807;387;822;338;817;@170.4
1638347064200.jpg;447;814;496;819;495;834;445;828;@57.73
1638347064200.jpg;545;824;594;829;592;845;543;839;@80.73
1638347064200.jpg;653;833;691;837;689;858;650;853;@罗亮
1638347064200.jpg;740;843;799;849;797;869;738;863;@游建国
1638347064200.jpg;838;853;897;860;895;880;836;873;@王玉华
1638347064200.jpg;936;864;995;870;992;891;934;884;@牛淑华
1638347064200.jpg;1024;873;1083;879;1081;900;1022;894;@龙玉英
1638347064200.jpg;1132;886;1172;890;1170;910;1130;906;@陶洋
1638347064200.jpg;1220;898;1279;904;1278;919;1218;913;@337.58
1638347064200.jpg;1309;905;1387;913;1386;934;1307;925;@均安蒸猪
1638347064200.jpg;1417;916;1496;925;1494;945;1415;937;@腊味合蒸
1638347064200.jpg;1526;929;1584;935;1583;955;1524;948;@刘淑英
1638347064200.jpg;1614;938;1673;944;1672;965;1612;958;@王红霞
1638347064200.jpg;111;815;169;821;167;842;108;835;@发件人
1638347064200.jpg;218;826;296;835;293;856;216;847;@炒水蛇片
1638347064200.jpg;335;843;383;848;382;863;333;858;@10.05
1638347064200.jpg;452;852;491;857;489;876;450;872;@桑旭
1638347064200.jpg;550;863;589;867;587;888;548;883;@牛伟
1638347064200.jpg;628;871;707;880;704;900;626;892;@西湖醋鱼
1638347064200.jpg;755;889;774;891;773;906;754;904;@71
1638347064200.jpg;834;897;893;903;891;918;832;912;@414552
1638347064200.jpg;931;908;990;914;989;930;930;923;@890846
1638347064200.jpg;1030;915;1069;919;1068;940;1028;936;@杨明
1638347064200.jpg;1119;925;1177;932;1175;952;1117;945;@赵玉英
1638347064200.jpg;1217;939;1266;944;1264;960;1215;954;@34.57
1638347064200.jpg;1315;949;1374;956;1372;972;1314;965;@153.71
1638347064200.jpg;1424;962;1482;968;1482;983;1422;977;@187.33
1638347064200.jpg;1522;972;1581;979;1580;994;1521;987;@140.69
1638347064200.jpg;1621;983;1660;987;1659;1003;1620;999;@62.2
1638347064200.jpg;86;853;184;864;181;883;83;872;@托运人签字
1638347064200.jpg;222;871;271;876;269;892;221;887;@21.59
1638347064200.jpg;340;884;378;889;377;904;338;900;@35.7
1638347064200.jpg;447;894;486;898;484;917;445;913;@阳飞
1638347064200.jpg;535;906;594;912;593;928;533;920;@233.51
1638347064200.jpg;633;916;682;921;680;937;631;932;@323.6
1638347064200.jpg;751;930;770;932;769;947;749;944;@51
1638347064200.jpg;830;935;889;941;887;962;827;955;@向凤英
1638347064200.jpg;927;948;977;954;975;970;926;964;@72.24
1638347064200.jpg;1016;958;1065;964;1064;979;1014;974;@95.79
1638347064200.jpg;1114;969;1174;975;1172;991;1113;984;@412642
1638347064200.jpg;1223;978;1263;982;1261;1003;1221;999;@萧涛
1638347064200.jpg;1321;988;1361;993;1359;1013;1320;1009;@王宇
1638347064200.jpg;1421;1000;1479;1006;1478;1027;1419;1021;@辛桂英
1638347064200.jpg;1529;1011;1569;1015;1567;1036;1527;1032;@王彬
1638347064200.jpg;1618;1022;1658;1026;1656;1046;1617;1041;@余平
1638347064200.jpg;110;897;149;902;147;920;107;916;@重量
1638347064200.jpg;217;912;276;918;273;934;214;928;@182001
1638347064200.jpg;325;920;383;928;381;948;323;941;@李婷婷
1638347064200.jpg;433;933;492;939;489;960;430;953;@陆秀兰
1638347064200.jpg;540;947;579;952;577;967;539;963;@0.82
1638347064200.jpg;629;957;687;964;686;979;627;973;@141.24
1638347064200.jpg;736;969;776;973;774;988;735;984;@90.6
1638347064200.jpg;835;977;875;981;873;1002;833;998;@范畅
1638347064200.jpg;933;987;973;992;971;1012;931;1008;@喻玲
1638347064200.jpg;1022;998;1062;1002;1060;1023;1021;1018;@徐勇
1638347064200.jpg;1121;1011;1160;1015;1158;1031;1119;1027;@0.94
1638347064200.jpg;1209;1021;1268;1028;1268;1043;1208;1036;@532.96
1638347064200.jpg;1318;1030;1358;1034;1356;1055;1316;1051;@赖鑫
1638347064200.jpg;1417;1043;1466;1050;1465;1065;1416;1059;@18.09
1638347064200.jpg;1526;1053;1566;1057;1564;1077;1524;1072;@范磊
1638347064200.jpg;1605;1064;1655;1069;1653;1085;1604;1080;@60.58
1638347064200.jpg;176;94;299;107;294;146;170;133;cell@
1638347064200.jpg;1432;542;1539;553;1536;594;1429;582;cell@
1638347064200.jpg;1335;413;1443;424;1439;464;1332;452;cell@
1638347064200.jpg;674;342;780;353;775;393;669;381;cell@
1638347064200.jpg;90;720;216;733;211;774;84;760;cell@
1638347064200.jpg;165;170;289;183;284;223;159;209;cell@
1638347064200.jpg;990;180;1077;190;1072;228;986;220;cell@
1638347064200.jpg;449;596;556;608;552;648;444;637;cell@
1638347064200.jpg;565;528;652;538;648;578;560;569;cell@
1638347064200.jpg;1285;1014;1394;1027;1391;1069;1281;1057;cell@
1638347064200.jpg;1332;451;1439;463;1436;504;1329;492;cell@
1638347064200.jpg;669;380;775;392;771;432;665;421;cell@
1638347064200.jpg;122;481;248;495;243;534;117;521;cell@
1638347064200.jpg;926;811;1016;820;1012;862;922;852;cell@
1638347064200.jpg;1426;621;1533;633;1531;673;1422;662;cell@
1638347064200.jpg;1642;327;1730;336;1727;376;1640;367;cell@
1638347064200.jpg;409;918;518;931;514;973;404;961;cell@
1638347064200.jpg;1538;553;1627;563;1624;603;1535;594;cell@
1638347064200.jpg;1129;549;1236;560;1233;601;1125;590;cell@
1638347064200.jpg;555;608;644;617;638;658;551;648;cell@
1638347064200.jpg;560;568;648;577;644;618;555;609;cell@
1638347064200.jpg;950;570;1039;579;1035;620;947;611;cell@
1638347064200.jpg;1400;944;1510;956;1506;999;1397;986;cell@
1638347064200.jpg;1532;633;1621;642;1618;683;1530;673;cell@
1638347064200.jpg;1057;382;1144;392;1140;432;1053;423;cell@
1638347064200.jpg;517;931;606;940;602;982;513;973;cell@
1638347064200.jpg;1151;314;1257;326;1253;366;1146;354;cell@
1638347064200.jpg;1535;593;1624;602;1621;643;1532;634;cell@
1638347064200.jpg;620;818;728;830;723;871;615;860;cell@
1638347064200.jpg;293;145;398;156;393;196;288;184;cell@
1638347064200.jpg;1026;700;1115;709;1111;750;1022;740;cell@
1638347064200.jpg;1266;209;1353;219;1350;258;1262;249;cell@
1638347064200.jpg;1611;762;1701;772;1697;814;1609;804;cell@
1638347064200.jpg;1018;779;1108;790;1103;830;1015;821;cell@
1638347064200.jpg;665;420;771;431;767;471;660;460;cell@
1638347064200.jpg;1609;803;1697;813;1695;854;1606;845;cell@
1638347064200.jpg;242;533;349;545;343;586;237;574;cell@
1638347064200.jpg;1232;600;1319;610;1316;650;1228;641;cell@
1638347064200.jpg;358;466;464;478;459;518;353;507;cell@
1638347064200.jpg;692;187;797;198;793;238;686;226;cell@
1638347064200.jpg;947;610;1035;619;1031;660;943;650;cell@
1638347064200.jpg;1298;851;1408;863;1404;905;1295;893;cell@
1638347064200.jpg;551;647;639;657;634;698;546;688;cell@
1638347064200.jpg;943;649;1031;659;1027;701;939;690;cell@
1638347064200.jpg;1451;307;1558;318;1554;358;1448;347;cell@
1638347064200.jpg;1091;952;1200;964;1197;1006;1088;994;cell@
1638347064200.jpg;1550;396;1638;405;1635;445;1547;436;cell@
1638347064200.jpg;682;264;789;276;784;315;678;304;cell@
1638347064200.jpg;1143;392;1250;403;1246;443;1139;432;cell@
1638347064200.jpg;574;449;661;459;657;500;569;490;cell@
1638347064200.jpg;483;322;589;332;584;372;478;361;cell@
1638347064200.jpg;367;388;474;399;469;439;363;427;cell@
1638347064200.jpg;740;709;828;719;824;759;736;750;cell@
1638347064200.jpg;800;160;887;170;883;208;796;199;cell@
1638347064200.jpg;1502;1038;1592;1049;1590;1091;1499;1081;cell@
1638347064200.jpg;610;899;719;911;715;953;605;941;cell@
1638347064200.jpg;762;510;849;519;845;559;757;550;cell@
1638347064200.jpg;1139;431;1247;442;1243;483;1136;471;cell@
1638347064200.jpg;1088;993;1197;1005;1193;1048;1083;1035;cell@
1638347064200.jpg;1648;250;1735;259;1733;298;1645;289;cell@
1638347064200.jpg;802;962;911;974;907;1016;798;1004;cell@
1638347064200.jpg;861;401;967;413;964;453;856;441;cell@
1638347064200.jpg;1603;884;1692;894;1690;936;1600;926;cell@
1638347064200.jpg;975;334;1062;344;1058;383;970;374;cell@
1638347064200.jpg;232;613;338;624;334;665;226;654;cell@
1638347064200.jpg;1224;680;1313;689;1310;731;1221;721;cell@
1638347064200.jpg;348;545;455;556;450;597;342;586;cell@
1638347064200.jpg;1099;870;1208;882;1204;925;1095;912;cell@
1638347064200.jpg;478;360;584;371;579;412;473;400;cell@
1638347064200.jpg;1196;1005;1286;1014;1282;1057;1192;1048;cell@
1638347064200.jpg;307;866;416;878;410;919;302;908;cell@
1638347064200.jpg;1352;219;1458;229;1454;269;1349;258;cell@
1638347064200.jpg;811;880;919;892;915;934;806;921;cell@
1638347064200.jpg;869;324;975;334;971;374;865;363;cell@
1638347064200.jpg;1445;384;1551;396;1548;436;1442;425;cell@
1638347064200.jpg;1015;820;1103;829;1100;871;1011;862;cell@
1638347064200.jpg;1136;470;1243;482;1239;522;1133;510;cell@
1638347064200.jpg;473;399;579;411;575;451;468;439;cell@
1638347064200.jpg;112;560;238;573;233;614;105;600;cell@
1638347064200.jpg;1349;257;1454;268;1452;308;1346;296;cell@
1638347064200.jpg;1442;424;1548;435;1546;476;1438;464;cell@
1638347064200.jpg;1107;790;1215;801;1212;843;1102;830;cell@
1638347064200.jpg;1346;295;1451;307;1449;347;1342;335;cell@
1638347064200.jpg;753;589;841;598;837;639;749;629;cell@
1638347064200.jpg;144;325;269;338;264;377;139;365;cell@
1638347064200.jpg;353;506;459;517;455;557;348;546;cell@
1638347064200.jpg;852;480;960;491;955;531;848;520;cell@
1638347064200.jpg;1076;189;1162;198;1159;238;1071;228;cell@
1638347064200.jpg;966;413;1054;422;1050;462;963;452;cell@
1638347064200.jpg;1342;334;1449;346;1446;385;1338;374;cell@
1638347064200.jpg;749;629;837;638;832;679;744;669;cell@
1638347064200.jpg;857;440;964;452;960;492;852;481;cell@
1638347064200.jpg;420;837;528;849;523;891;414;879;cell@
1638347064200.jpg;1312;689;1420;702;1417;743;1309;731;cell@
1638347064200.jpg;492;244;598;255;594;294;487;284;cell@
1638347064200.jpg;745;668;832;678;828;720;740;710;cell@
1638347064200.jpg;819;799;927;811;923;852;815;841;cell@
1638347064200.jpg;569;489;657;499;652;539;565;529;cell@
1638347064200.jpg;1407;863;1515;874;1512;916;1403;905;cell@
1638347064200.jpg;1068;266;1155;276;1152;315;1064;306;cell@
1638347064200.jpg;1034;619;1122;629;1118;669;1030;660;cell@
1638347064200.jpg;1038;579;1125;589;1122;630;1034;620;cell@
1638347064200.jpg;463;478;570;489;565;529;458;518;cell@
1638347064200.jpg;1620;642;1709;651;1706;692;1617;683;cell@
1638347064200.jpg;263;376;368;388;364;428;258;417;cell@
1638347064200.jpg;1413;781;1521;794;1518;835;1410;823;cell@
1638347064200.jpg;1031;659;1118;668;1115;710;1026;701;cell@
1638347064200.jpg;1435;503;1543;513;1539;554;1432;542;cell@
1638347064200.jpg;678;303;785;314;779;354;674;343;cell@
1638347064200.jpg;1637;405;1724;415;1722;455;1634;445;cell@
1638347064200.jpg;133;402;259;416;253;456;127;442;cell@
1638347064200.jpg;1410;822;1518;834;1515;875;1407;864;cell@
1638347064200.jpg;1453;268;1560;280;1557;319;1451;308;cell@
1638347064200.jpg;1161;198;1267;209;1263;249;1158;238;cell@
1638347064200.jpg;959;491;1046;501;1043;541;954;531;cell@
1638347064200.jpg;127;441;254;455;248;496;122;482;cell@
1638347064200.jpg;1158;237;1263;248;1260;288;1154;276;cell@
1638347064200.jpg;1306;770;1414;781;1411;823;1301;811;cell@
1638347064200.jpg;415;878;523;890;518;932;409;919;cell@
1638347064200.jpg;1542;513;1629;523;1627;564;1538;554;cell@
1638347064200.jpg;79;800;206;814;201;856;72;842;cell@
1638347064200.jpg;955;530;1043;540;1039;580;950;571;cell@
1638347064200.jpg;628;737;737;749;732;791;624;778;cell@
1638347064200.jpg;1403;904;1512;915;1510;957;1400;945;cell@
1638347064200.jpg;378;310;484;322;479;362;372;350;cell@
1638347064200.jpg;522;890;611;900;606;941;517;932;cell@
1638347064200.jpg;1154;275;1260;287;1257;327;1151;315;cell@
1638347064200.jpg;588;332;675;342;670;381;583;372;cell@
1638347064200.jpg;918;892;1007;902;1003;943;914;934;cell@
1638347064200.jpg;383;271;488;283;483;323;378;311;cell@
1638347064200.jpg;1396;985;1506;998;1503;1039;1393;1028;cell@
1638347064200.jpg;1511;915;1601;926;1598;967;1509;957;cell@
1638347064200.jpg;624;777;732;790;728;831;620;819;cell@
1638347064200.jpg;1095;911;1204;923;1200;965;1091;953;cell@
1638347064200.jpg;67;881;196;895;189;937;62;923;cell@
1638347064200.jpg;373;349;479;361;474;400;367;389;cell@
1638347064200.jpg;1614;723;1703;732;1700;773;1611;763;cell@
1638347064200.jpg;774;392;862;401;857;441;770;432;cell@
1638347064200.jpg;253;455;359;466;354;507;247;496;cell@
1638347064200.jpg;1238;521;1327;530;1323;571;1235;561;cell@
1638347064200.jpg;1022;739;1111;749;1107;791;1018;780;cell@
1638347064200.jpg;910;974;1000;983;996;1026;906;1015;cell@
1638347064200.jpg;258;416;364;427;359;467;252;456;cell@
1638347064200.jpg;1242;482;1330;491;1327;531;1238;522;cell@
1638347064200.jpg;1591;1049;1681;1058;1678;1101;1589;1091;cell@
1638347064200.jpg;1631;484;1719;493;1717;533;1628;524;cell@
1638347064200.jpg;247;495;354;506;349;546;242;534;cell@
1638347064200.jpg;1235;560;1324;570;1320;611;1232;601;cell@
1638347064200.jpg;633;697;741;709;736;750;628;738;cell@
1638347064200.jpg;696;149;801;160;797;199;692;188;cell@
1638347064200.jpg;117;520;243;533;238;574;112;561;cell@
1638347064200.jpg;1628;523;1717;532;1714;573;1626;563;cell@
1638347064200.jpg;318;786;425;797;421;838;312;826;cell@
1638347064200.jpg;323;745;430;756;425;798;317;786;cell@
1638347064200.jpg;877;246;983;257;980;296;873;286;cell@
1638347064200.jpg;687;225;793;237;789;277;682;265;cell@
1638347064200.jpg;1301;810;1411;822;1408;864;1298;852;cell@
1638347064200.jpg;882;207;987;219;983;258;877;247;cell@
1638347064200.jpg;1509;956;1598;966;1595;1008;1505;999;cell@
1638347064200.jpg;1553;357;1641;367;1638;406;1550;397;cell@
1638347064200.jpg;1147;353;1253;365;1250;404;1143;393;cell@
1638347064200.jpg;578;411;666;420;661;460;574;450;cell@
1638347064200.jpg;583;371;670;380;666;421;578;412;cell@
1638347064200.jpg;914;933;1003;942;1000;984;910;975;cell@
1638347064200.jpg;1505;998;1595;1007;1592;1050;1502;1039;cell@
1638347064200.jpg;1547;435;1636;444;1632;485;1545;475;cell@
1638347064200.jpg;615;859;723;870;719;912;610;900;cell@
1638347064200.jpg;1597;966;1687;976;1684;1018;1594;1008;cell@
1638347064200.jpg;1117;668;1225;680;1222;722;1114;710;cell@
1638347064200.jpg;541;728;629;737;625;778;536;769;cell@
1638347064200.jpg;363;426;470;438;464;479;358;467;cell@
1638347064200.jpg;766;470;853;480;849;520;762;510;cell@
1638347064200.jpg;1110;749;1218;760;1215;802;1106;791;cell@
1638347064200.jpg;643;617;750;629;745;669;637;658;cell@
1638347064200.jpg;1524;753;1612;762;1610;804;1520;795;cell@
1638347064200.jpg;392;195;498;205;493;245;387;234;cell@
1638347064200.jpg;1626;562;1715;572;1711;613;1623;603;cell@
1638347064200.jpg;792;237;878;246;874;286;788;276;cell@
1638347064200.jpg;200;855;308;866;303;908;194;896;cell@
1638347064200.jpg;273;299;379;310;373;350;268;338;cell@
1638347064200.jpg;531;809;621;818;616;860;527;850;cell@
1638347064200.jpg;1228;640;1316;649;1313;690;1224;681;cell@
1638347064200.jpg;1623;602;1711;612;1709;652;1620;643;cell@
1638347064200.jpg;195;895;303;907;298;949;188;937;cell@
1638347064200.jpg;268;337;374;349;368;389;263;377;cell@
1638347064200.jpg;1199;964;1289;974;1285;1015;1196;1006;cell@
1638347064200.jpg;1249;403;1336;413;1333;453;1245;443;cell@
1638347064200.jpg;312;825;421;837;415;879;307;867;cell@
1638347064200.jpg;873;285;980;295;975;335;869;325;cell@
1638347064200.jpg;159;208;284;222;278;261;154;248;cell@
1638347064200.jpg;1045;501;1133;510;1130;550;1042;540;cell@
1638347064200.jpg;1448;346;1554;357;1551;397;1445;385;cell@
1638347064200.jpg;302;907;410;918;405;961;297;949;cell@
1638347064200.jpg;806;920;915;933;910;975;802;963;cell@
1638347064200.jpg;865;362;971;373;967;414;861;402;cell@
1638347064200.jpg;1423;661;1531;672;1528;714;1419;703;cell@
1638347064200.jpg;502;168;607;178;602;218;497;206;cell@
1638347064200.jpg;434;716;542;728;537;769;429;757;cell@
1638347064200.jpg;154;247;278;260;274;300;149;287;cell@
1638347064200.jpg;506;129;611;140;607;179;502;169;cell@
1638347064200.jpg;758;549;845;558;841;599;753;590;cell@
1638347064200.jpg;149;286;274;299;269;339;144;326;cell@
1638347064200.jpg;1416;741;1525;753;1521;795;1413;782;cell@
1638347064200.jpg;1319;610;1427;621;1423;662;1315;650;cell@
1638347064200.jpg;1102;829;1211;842;1207;883;1099;871;cell@
1638347064200.jpg;139;364;264;376;259;417;133;403;cell@
1638347064200.jpg;1323;570;1430;581;1427;622;1319;611;cell@
1638347064200.jpg;722;870;812;880;807;921;718;912;cell@
1638347064200.jpg;784;314;870;324;866;364;779;354;cell@
1638347064200.jpg;970;373;1058;382;1054;423;966;414;cell@
1638347064200.jpg;424;797;532;809;528;850;420;838;cell@
1638347064200.jpg;606;178;693;188;687;226;601;218;cell@
1638347064200.jpg;1315;649;1424;661;1420;703;1312;690;cell@
1638347064200.jpg;823;758;932;770;927;812;819;800;cell@
1638347064200.jpg;95;679;222;693;216;734;89;721;cell@
1638347064200.jpg;1049;461;1137;470;1133;510;1045;502;cell@
1638347064200.jpg;454;556;561;568;556;609;449;597;cell@
1638347064200.jpg;714;952;803;962;799;1004;708;995;cell@
1638347064200.jpg;601;217;688;225;683;265;597;256;cell@
1638347064200.jpg;1429;581;1536;593;1533;634;1426;622;cell@
1638347064200.jpg;1645;289;1733;297;1729;337;1642;328;cell@
1638347064200.jpg;1042;539;1130;549;1126;590;1038;580;cell@
1638347064200.jpg;1006;902;1096;911;1092;953;1002;943;cell@
1638347064200.jpg;429;756;538;768;532;810;424;798;cell@
1638347064200.jpg;497;205;602;217;598;256;492;245;cell@
1638347064200.jpg;1640;367;1727;375;1724;416;1637;406;cell@
1638347064200.jpg;610;140;697;149;692;189;606;179;cell@
1638347064200.jpg;298;107;403;118;398;157;293;146;cell@
1638347064200.jpg;1002;942;1092;952;1089;995;999;984;cell@
1638347064200.jpg;1457;229;1563;241;1560;281;1453;269;cell@
1638347064200.jpg;1594;1007;1685;1017;1681;1059;1591;1050;cell@
1638347064200.jpg;171;132;294;145;289;184;164;171;cell@
1638347064200.jpg;963;452;1050;461;1046;502;959;492;cell@
1638347064200.jpg;597;255;683;264;679;304;593;294;cell@
1638347064200.jpg;1309;730;1417;742;1414;782;1306;771;cell@
1638347064200.jpg;487;283;594;293;588;333;483;323;cell@
1638347064200.jpg;815;839;923;851;919;893;810;881;cell@
1638347064200.jpg;638;657;745;668;741;710;633;698;cell@
1638347064200.jpg;84;759;211;773;206;815;79;801;cell@
1638347064200.jpg;931;770;1019;779;1016;821;926;812;cell@
1638347064200.jpg;986;219;1073;227;1069;267;982;258;cell@
1638347064200.jpg;444;636;552;647;547;688;439;677;cell@
1638347064200.jpg;1517;833;1607;844;1603;886;1514;875;cell@
1638347064200.jpg;1559;280;1646;289;1643;328;1556;319;cell@
1638347064200.jpg;1329;491;1436;503;1433;543;1326;531;cell@
1638347064200.jpg;527;849;616;859;611;901;522;891;cell@
1638347064200.jpg;593;293;679;303;675;343;587;333;cell@
1638347064200.jpg;922;851;1012;861;1007;903;918;893;cell@
1638347064200.jpg;1125;589;1233;600;1229;641;1121;629;cell@
1638347064200.jpg;982;257;1069;266;1065;306;979;296;cell@
1638347064200.jpg;660;459;767;470;763;510;656;500;cell@
1638347064200.jpg;1514;874;1604;884;1601;927;1511;916;cell@
1638347064200.jpg;1557;318;1643;327;1641;368;1553;358;cell@
1638347064200.jpg;1246;442;1333;452;1330;492;1242;483;cell@
1638347064200.jpg;779;353;866;363;862;402;774;393;cell@
1638347064200.jpg;999;983;1089;994;1084;1035;995;1026;cell@
1638347064200.jpg;1053;422;1140;431;1137;471;1049;462;cell@
1638347064200.jpg;333;664;440;676;435;718;328;706;cell@
1638347064200.jpg;337;624;445;636;440;677;333;665;cell@
1638347064200.jpg;1635;444;1722;454;1720;494;1631;485;cell@
1638347064200.jpg;215;733;324;745;318;787;210;774;cell@
1638347064200.jpg;288;183;393;195;388;234;283;223;cell@
1638347064200.jpg;1214;801;1302;811;1299;852;1211;843;cell@
1638347064200.jpg;1262;248;1350;257;1347;296;1259;288;cell@
1638347064200.jpg;1562;241;1649;250;1646;289;1559;281;cell@
1638347064200.jpg;205;814;313;825;308;867;200;856;cell@
1638347064200.jpg;1207;882;1296;892;1293;934;1203;923;cell@
1638347064200.jpg;210;773;319;786;313;826;205;815;cell@
1638347064200.jpg;283;222;388;233;384;272;277;261;cell@
1638347064200.jpg;1211;842;1299;851;1296;893;1206;883;cell@
1638347064200.jpg;1259;287;1347;295;1342;335;1256;327;cell@
1638347064200.jpg;72;841;201;855;195;896;67;882;cell@
1638347064200.jpg;1606;844;1695;853;1692;895;1602;886;cell@
1638347064200.jpg;979;295;1065;305;1062;345;974;335;cell@
1638347064200.jpg;886;170;991;180;987;220;882;208;cell@
1638347064200.jpg;848;519;956;530;951;571;844;559;cell@
1638347064200.jpg;656;499;763;510;758;550;651;538;cell@
1638347064200.jpg;1530;672;1618;682;1615;724;1527;714;cell@
1638347064200.jpg;651;537;759;549;754;590;647;578;cell@
1638347064200.jpg;403;118;507;129;503;169;397;157;cell@
1638347064200.jpg;1121;628;1229;640;1225;681;1117;669;cell@
1638347064200.jpg;546;687;634;697;629;738;541;729;cell@
1638347064200.jpg;227;653;334;664;329;706;220;693;cell@
1638347064200.jpg;770;431;858;440;853;481;766;471;cell@
1638347064200.jpg;844;558;951;570;947;611;840;599;cell@
1638347064200.jpg;731;790;820;799;816;841;727;830;cell@
1638347064200.jpg;1527;713;1615;723;1612;763;1523;754;cell@
1638347064200.jpg;647;577;754;589;750;630;643;618;cell@
1638347064200.jpg;1114;709;1222;721;1218;761;1110;750;cell@
1638347064200.jpg;328;705;435;717;430;757;323;746;cell@
1638347064200.jpg;397;156;503;168;498;206;392;196;cell@
1638347064200.jpg;736;749;824;758;820;800;731;791;cell@
1638347064200.jpg;796;198;883;207;878;247;792;238;cell@
1638347064200.jpg;605;940;715;952;709;995;601;982;cell@
1638347064200.jpg;278;260;384;271;379;311;273;300;cell@
1638347064200.jpg;831;678;940;689;936;731;827;719;cell@
1638347064200.jpg;1256;326;1343;334;1339;374;1252;365;cell@
1638347064200.jpg;237;573;343;585;338;625;232;614;cell@
1638347064200.jpg;1203;922;1293;933;1289;975;1199;965;cell@
1638347064200.jpg;1252;364;1339;373;1336;414;1249;404;cell@
1638347064200.jpg;1600;925;1690;935;1687;977;1597;967;cell@
1638347064200.jpg;1221;721;1310;730;1307;771;1217;761;cell@
1638347064200.jpg;342;585;450;596;445;637;337;625;cell@
1638347064200.jpg;840;598;947;610;944;651;836;639;cell@
1638347064200.jpg;1072;227;1159;237;1155;277;1068;267;cell@
1638347064200.jpg;439;676;547;687;542;729;434;717;cell@
1638347064200.jpg;537;768;625;777;621;819;531;809;cell@
1638347064200.jpg;1326;530;1433;542;1430;582;1322;571;cell@
1638347064200.jpg;836;638;944;650;940;690;831;679;cell@
1638347064200.jpg;1419;702;1528;713;1524;754;1416;742;cell@
1638347064200.jpg;1133;510;1239;521;1236;561;1129;550;cell@
1638347064200.jpg;469;438;575;450;570;490;463;479;cell@
1638347064200.jpg;1520;794;1610;803;1607;845;1517;834;cell@
1638347064200.jpg;106;599;233;613;227;654;100;640;cell@
1638347064200.jpg;387;233;493;244;488;284;383;272;cell@
1638347064200.jpg;727;829;816;839;811;881;722;871;cell@
1638347064200.jpg;788;275;874;285;870;325;783;315;cell@
1638347064200.jpg;1393;1027;1503;1038;1500;1081;1390;1069;cell@
1638347064200.jpg;1295;892;1404;904;1401;945;1292;934;cell@
1638347064200.jpg;939;689;1027;700;1023;740;935;731;cell@
1638347064200.jpg;718;911;807;920;803;963;714;953;cell@
1638347064200.jpg;827;718;936;730;931;771;823;759;cell@
1638347064200.jpg;100;639;227;653;221;694;95;680;cell@
1638347064200.jpg;1288;974;1397;985;1394;1028;1284;1015;cell@
1638347064200.jpg;458;517;566;528;561;569;454;557;cell@
1638347064200.jpg;1292;933;1401;944;1397;986;1288;975;cell@
1638347064200.jpg;1338;373;1446;384;1443;425;1335;414;cell@
1638347064200.jpg;935;730;1023;739;1019;780;930;771;cell@
1638347064200.jpg;1545;474;1632;484;1629;524;1542;514;cell@
1638347064200.jpg;221;692;329;705;324;746;215;734;cell@
1638347064200.jpg;1217;760;1307;770;1302;812;1214;802;cell@
1638347064200.jpg;1011;861;1100;870;1096;912;1006;902;cell@
1638347064200.jpg;1064;305;1152;314;1147;354;1061;345;cell@
1638347064200.jpg;1438;463;1546;475;1543;514;1435;504;cell@
1638347064200.jpg;1617;682;1706;691;1704;733;1614;724;cell@
1638347064200.jpg;1061;344;1148;353;1144;393;1057;383;cell@
1638347064200.jpg;176;94;1735;259;1678;1101;62;923;table@1
