1638347027742.jpg;98;336;174;324;176;341;100;355;@收件电话
1638347027742.jpg;211;317;249;310;252;328;214;334;@审核
1638347027742.jpg;297;301;372;288;375;306;299;320;@收件信息
1638347027742.jpg;410;281;466;271;469;289;413;300;@发件人
1638347027742.jpg;504;265;560;254;564;272;507;283;@收件人
1638347027742.jpg;598;247;692;231;695;249;601;266;@托运人签字
1638347027742.jpg;721;226;814;210;818;227;723;244;@托运人签字
1638347027742.jpg;842;204;899;194;901;213;845;222;@发件人
1638347027742.jpg;926;190;1001;176;1004;194;930;207;@发件地址
1638347027742.jpg;1048;168;1085;161;1089;179;1052;186;@总价
1638347027742.jpg;1132;152;1188;143;1191;161;1135;171;@收件人
1638347027742.jpg;1216;138;1290;125;1294;143;1219;156;@货运协议
1638347027742.jpg;1337;116;1374;109;1377;128;1340;134;@重量
1638347027742.jpg;122;371;160;365;163;383;125;390;@刘宁
1638347027742.jpg;207;357;264;346;267;365;210;374;@141.27
1638347027742.jpg;311;338;359;330;362;348;315;356;@75.18
1638347027742.jpg;426;318;463;311;466;330;428;336;@杨欣
1638347027742.jpg;520;301;557;295;560;312;522;319;@2.46
1638347027742.jpg;632;281;671;274;673;292;635;299;@79.7
1638347027742.jpg;745;261;801;250;805;269;749;279;@赵玉兰
1638347027742.jpg;859;241;896;234;899;252;862;259;@62.2
1638347027742.jpg;942;225;999;216;1003;234;945;244;@293510
1638347027742.jpg;1055;205;1093;199;1096;217;1059;223;@申丹
1638347027742.jpg;1139;191;1186;182;1190;200;1142;209;@13.33
1638347027742.jpg;1232;174;1279;166;1283;184;1236;192;@628.4
1638347027742.jpg;1335;155;1381;148;1385;165;1338;173;@50.04
1638347027742.jpg;127;411;166;404;168;422;130;429;@9.48
1638347027742.jpg;223;393;260;386;264;405;225;412;@管芳
1638347027742.jpg;317;376;374;367;377;384;321;395;@方红梅
1638347027742.jpg;422;358;479;348;481;366;425;376;@徐玉珍
1638347027742.jpg;526;339;554;334;557;352;528;358;@0.8
1638347027742.jpg;629;321;677;312;680;331;633;338;@53.02
1638347027742.jpg;752;299;808;289;812;306;756;317;@132.39
1638347027742.jpg;864;278;903;271;906;290;868;297;@赵想
1638347027742.jpg;949;264;1006;253;1010;271;952;281;@441568
1638347027742.jpg;1052;245;1100;237;1103;255;1056;263;@102.3
1638347027742.jpg;1156;227;1193;220;1196;238;1159;244;@70.8
1638347027742.jpg;1239;212;1287;203;1290;221;1243;230;@71.29
1638347027742.jpg;1352;192;1389;185;1392;203;1355;210;@刘磊
1638347027742.jpg;123;451;181;441;183;459;126;469;@624244
1638347027742.jpg;238;430;256;427;260;445;240;449;@71
1638347027742.jpg;333;413;370;407;374;424;335;431;@孔雷
1638347027742.jpg;428;396;485;386;487;405;431;414;@谢玉英
1638347027742.jpg;522;379;579;370;582;387;525;398;@472.14
1638347027742.jpg;636;359;683;350;686;369;639;377;@75.18
1638347027742.jpg;768;335;805;329;809;347;771;354;@95.8
1638347027742.jpg;871;317;909;310;912;329;875;334;@40.5
1638347027742.jpg;966;300;1003;293;1007;311;969;318;@9.03
1638347027742.jpg;1059;283;1115;273;1120;291;1063;301;@457.71
1638347027742.jpg;1154;267;1210;256;1213;274;1157;284;@140.08
1638347027742.jpg;1247;249;1303;240;1307;258;1251;268;@东坡肉
1638347027742.jpg;1350;231;1397;223;1400;241;1354;249;@82.52
1638347027742.jpg;129;489;186;479;189;498;132;508;@牛淑华
1638347027742.jpg;234;470;272;463;274;482;237;489;@0.92
1638347027742.jpg;339;452;376;445;380;463;341;470;@0.84
1638347027742.jpg;434;435;491;424;494;443;437;453;@152577
1638347027742.jpg;548;414;566;411;570;429;550;433;@87
1638347027742.jpg;652;396;689;389;693;408;654;414;@97.5
1638347027742.jpg;775;373;812;367;816;385;777;392;@66.9
1638347027742.jpg;869;357;926;346;929;365;872;375;@166.53
1638347027742.jpg;973;338;1010;332;1014;350;976;356;@85.5
1638347027742.jpg;1076;320;1114;313;1117;331;1079;337;@陈建
1638347027742.jpg;1161;304;1207;296;1211;314;1164;323;@27.06
1638347027742.jpg;1254;288;1302;279;1305;298;1258;305;@17.21
1638347027742.jpg;1366;268;1404;261;1408;279;1371;286;@0.92
1638347027742.jpg;134;529;183;520;185;538;137;546;@17.21
1638347027742.jpg;230;511;287;501;290;520;233;530;@398.57
1638347027742.jpg;335;492;392;482;395;501;337;511;@455290
1638347027742.jpg;449;471;487;464;490;483;452;490;@王晶
1638347027742.jpg;544;455;582;448;585;466;547;473;@常林
1638347027742.jpg;648;436;705;426;709;444;651;455;@张秀珍
1638347027742.jpg;791;411;810;407;813;425;794;429;@86
1638347027742.jpg;885;394;923;387;926;405;889;412;@0.83
1638347027742.jpg;970;378;1027;368;1030;386;973;397;@542288
1638347027742.jpg;1093;356;1112;353;1115;371;1096;374;@90
1638347027742.jpg;1168;342;1224;333;1228;351;1171;361;@吴建华
1638347027742.jpg;1262;326;1308;317;1313;335;1266;344;@17.56
1638347027742.jpg;1365;307;1412;299;1415;317;1369;326;@40.93
1638347027742.jpg;140;567;197;557;200;575;143;586;@刘桂花
1638347027742.jpg;246;548;283;541;286;560;248;567;@赵俊
1638347027742.jpg;341;532;388;523;392;541;343;549;@81.13
1638347027742.jpg;445;513;503;502;506;521;449;531;@甄桂珍
1638347027742.jpg;541;495;588;486;591;505;544;514;@33.83
1638347027742.jpg;665;473;702;466;706;484;667;491;@7.81
1638347027742.jpg;788;451;825;444;829;463;791;469;@何想
1638347027742.jpg;892;432;930;425;933;444;896;451;@王岩
1638347027742.jpg;977;416;1034;407;1037;425;980;435;@李秀华
1638347027742.jpg;1090;396;1128;390;1132;408;1093;414;@0.95
1638347027742.jpg;1175;381;1222;372;1225;391;1179;400;@16.87
1638347027742.jpg;1269;364;1325;354;1330;372;1272;382;@747761
1638347027742.jpg;1364;347;1438;334;1442;352;1367;366;@香芋扣肉
1638347027742.jpg;155;605;193;598;196;617;157;623;@郑莉
1638347027742.jpg;242;589;299;579;301;597;244;608;@飞龙汤
1638347027742.jpg;347;570;404;560;406;578;349;589;@351870
1638347027742.jpg;461;549;500;542;502;561;465;568;@95.8
1638347027742.jpg;538;535;614;522;617;540;540;554;@北京烤鸭
1638347027742.jpg;661;514;718;503;721;522;664;532;@次日达
1638347027742.jpg;795;489;832;482;836;501;797;508;@0.93
1638347027742.jpg;889;472;946;463;950;480;893;491;@王建军
1638347027742.jpg;984;456;1041;445;1044;463;987;473;@155.49
1638347027742.jpg;1088;437;1144;426;1149;445;1091;455;@郑秀芳
1638347027742.jpg;1183;419;1239;410;1242;428;1186;438;@627057
1638347027742.jpg;1286;401;1315;396;1318;414;1289;419;@4.5
1638347027742.jpg;1389;382;1427;375;1431;394;1394;401;@0.82
1638347027742.jpg;170;642;190;639;192;658;173;661;@69
1638347027742.jpg;247;629;305;618;307;637;250;647;@159.52
1638347027742.jpg;362;608;400;601;404;619;365;626;@倪强
1638347027742.jpg;457;590;506;582;509;600;461;609;@10.53
1638347027742.jpg;554;573;611;563;613;581;556;592;@孙春梅
1638347027742.jpg;668;552;725;542;728;560;671;571;@陈桂珍
1638347027742.jpg;792;531;839;522;843;540;794;548;@85.81
1638347027742.jpg;896;511;953;501;957;520;900;530;@118307
1638347027742.jpg;991;494;1038;485;1041;504;994;513;@32.36
1638347027742.jpg;1095;475;1152;465;1156;483;1098;494;@356.81
1638347027742.jpg;1190;459;1247;448;1250;466;1193;476;@叶冬梅
1638347027742.jpg;1284;441;1341;431;1344;450;1287;460;@102.32
1638347027742.jpg;1387;422;1445;412;1448;430;1392;441;@320.03
1638347027742.jpg;157;685;214;675;218;694;159;704;@302230
1638347027742.jpg;253;668;301;659;303;678;256;687;@15.13
1638347027742.jpg;368;647;406;640;409;659;371;666;@79.7
1638347027742.jpg;464;630;521;619;525;638;467;648;@炖禾虫
1638347027742.jpg;578;609;598;605;600;624;582;628;@38
1638347027742.jpg;684;590;722;583;725;602;687;608;@19.1
1638347027742.jpg;798;569;855;559;858;577;801;588;@马凤英
1638347027742.jpg;903;550;960;539;964;558;907;569;@东坡肉
1638347027742.jpg;998;533;1055;523;1058;541;1001;551;@辣子鸡
1638347027742.jpg;1102;514;1159;504;1162;523;1105;533;@574879
1638347027742.jpg;1206;495;1245;488;1248;507;1210;514;@80.2
1638347027742.jpg;1311;476;1329;473;1333;491;1314;495;@80
1638347027742.jpg;1405;460;1443;453;1446;471;1409;478;@郑莉
1638347027742.jpg;162;725;220;714;222;733;165;743;@金桂荣
1638347027742.jpg;259;707;317;697;319;716;261;726;@双皮奶
1638347027742.jpg;355;690;432;676;434;695;357;709;@炒水蛇片
1638347027742.jpg;470;669;518;660;521;679;472;688;@72.35
1638347027742.jpg;576;650;614;643;617;662;579;669;@赵倩
1638347027742.jpg;681;631;728;622;731;641;684;650;@68.58
1638347027742.jpg;805;608;862;598;865;617;808;627;@王玉兰
1638347027742.jpg;910;589;967;579;971;598;914;608;@639.43
1638347027742.jpg;1015;570;1053;563;1056;582;1018;589;@0.93
1638347027742.jpg;1110;553;1166;542;1170;561;1113;571;@529667
1638347027742.jpg;1204;535;1262;526;1265;544;1208;554;@雷秀华
1638347027742.jpg;1309;517;1346;510;1351;529;1312;535;@0.85
1638347027742.jpg;1403;500;1460;490;1464;508;1407;519;@890004
1638347027742.jpg;178;762;216;755;219;774;180;782;@何伟
1638347027742.jpg;274;745;313;738;315;757;277;764;@11.3
1638347027742.jpg;351;731;448;714;450;732;353;750;@五彩炒蛇丝
1638347027742.jpg;486;707;524;700;527;719;488;725;@9.27
1638347027742.jpg;573;691;620;682;623;701;575;710;@30.37
1638347027742.jpg;697;669;735;662;738;680;700;687;@常林
1638347027742.jpg;812;648;869;637;872;656;815;666;@187.89
1638347027742.jpg;917;629;964;620;968;639;920;647;@102.3
1638347027742.jpg;1021;610;1060;603;1063;621;1025;628;@9.27
1638347027742.jpg;1117;592;1174;582;1177;600;1120;611;@120.55
1638347027742.jpg;1211;575;1260;566;1263;585;1216;594;@82.19
1638347027742.jpg;1316;556;1354;549;1357;567;1320;574;@11.7
1638347027742.jpg;1420;537;1458;531;1462;548;1424;555;@47.0
1638347027742.jpg;183;803;222;796;224;814;186;821;@张晶
1638347027742.jpg;280;785;319;778;321;797;283;804;@蒋建
1638347027742.jpg;377;767;434;757;437;775;379;787;@陈秀云
1638347027742.jpg;482;748;540;737;543;756;485;767;@182.91
1638347027742.jpg;588;729;627;722;630;741;591;748;@31.8
1638347027742.jpg;694;710;742;701;745;720;697;728;@190.0
1638347027742.jpg;837;684;856;680;859;699;841;702;@75
1638347027742.jpg;924;668;981;658;984;676;927;687;@257.62
1638347027742.jpg;1020;651;1077;640;1080;659;1023;669;@桂秀梅
1638347027742.jpg;1143;628;1162;625;1166;643;1147;647;@75
1638347027742.jpg;1219;614;1267;605;1270;624;1223;633;@16.77
1638347027742.jpg;1314;597;1362;588;1365;607;1318;616;@194.8
1638347027742.jpg;1419;578;1475;567;1480;586;1422;596;@431.31
1638347027742.jpg;179;844;227;835;230;855;182;864;@70.43
1638347027742.jpg;276;826;325;818;327;837;279;845;@89.52
1638347027742.jpg;392;806;431;799;433;817;395;824;@何想
1638347027742.jpg;498;787;536;780;540;798;501;805;@邢莹
1638347027742.jpg;576;772;652;758;656;777;578;791;@乐从鱼腐
1638347027742.jpg;701;749;758;739;761;757;703;768;@195.72
1638347027742.jpg;825;727;873;718;876;737;828;745;@67.61
1638347027742.jpg;930;707;978;699;982;717;934;726;@55.03
1638347027742.jpg;1035;688;1074;681;1077;700;1039;707;@陈瑜
1638347027742.jpg;1131;671;1189;661;1192;679;1135;690;@方桂芝
1638347027742.jpg;1226;654;1283;643;1288;662;1231;672;@石兰英
1638347027742.jpg;1341;633;1360;629;1364;648;1345;651;@88
1638347027742.jpg;1426;617;1483;607;1488;625;1430;636;@孙春梅
1638347027742.jpg;185;884;243;874;246;893;187;904;@135.59
1638347027742.jpg;291;865;331;858;333;877;294;884;@39.8
1638347027742.jpg;389;847;447;836;449;856;391;866;@126.33
1638347027742.jpg;495;828;543;819;546;838;497;846;@24.75
1638347027742.jpg;601;809;640;802;643;820;604;827;@李磊
1638347027742.jpg;707;789;765;779;768;798;710;808;@112.74
1638347027742.jpg;832;766;890;755;893;774;835;786;@吕春梅
1638347027742.jpg;938;747;995;736;998;755;941;766;@原桂英
1638347027742.jpg;1043;728;1081;721;1085;739;1047;746;@95.8
1638347027742.jpg;1149;709;1186;702;1190;720;1152;727;@9.13
1638347027742.jpg;1234;693;1291;683;1295;701;1238;712;@152.81
1638347027742.jpg;1339;674;1377;667;1381;686;1343;693;@9.27
1638347027742.jpg;1434;656;1482;648;1486;667;1438;675;@612.8
1638347027742.jpg;191;925;249;914;251;933;193;943;@654.41
1638347027742.jpg;297;906;337;898;339;917;300;924;@91.9
1638347027742.jpg;404;885;443;878;446;897;407;905;@向娜
1638347027742.jpg;511;866;549;859;552;878;514;885;@35.7
1638347027742.jpg;617;846;636;843;639;862;620;866;@72
1638347027742.jpg;714;829;772;818;775;837;717;848;@烤乳猪
1638347027742.jpg;839;806;897;796;900;815;842;825;@刘秀荣
1638347027742.jpg;945;787;1002;777;1005;795;948;806;@林秀梅
1638347027742.jpg;1040;769;1098;758;1102;778;1044;789;@286941
1638347027742.jpg;1136;751;1213;738;1216;756;1140;770;@东安子鸡
1638347027742.jpg;1241;732;1289;724;1293;742;1246;751;@85.42
1638347027742.jpg;1347;713;1385;706;1388;725;1351;732;@王晶
1638347027742.jpg;1442;696;1489;687;1494;706;1446;715;@95.79
1638347027742.jpg;196;965;255;955;257;973;199;985;@246.32
1638347027742.jpg;293;948;342;938;345;958;297;966;@240.6
1638347027742.jpg;401;928;459;917;462;936;404;947;@156.76
1638347027742.jpg;517;907;556;899;558;918;520;925;@2.14
1638347027742.jpg;604;890;662;880;665;898;607;910;@程秀梅
1638347027742.jpg;739;866;759;862;762;881;743;884;@59
1638347027742.jpg;865;842;884;839;887;858;869;862;@83
1638347027742.jpg;952;827;1009;816;1012;835;955;845;@158.47
1638347027742.jpg;1057;807;1096;801;1099;819;1061;826;@23.6
1638347027742.jpg;1154;790;1211;780;1214;798;1157;809;@156.44
1638347027742.jpg;1268;768;1288;765;1291;785;1272;788;@55
1638347027742.jpg;1345;754;1402;744;1406;763;1349;773;@112.26
1638347027742.jpg;1460;734;1497;727;1502;745;1463;752;@11.7
1638347027742.jpg;212;1004;251;997;253;1016;215;1023;@0.89
1638347027742.jpg;299;988;358;977;361;996;302;1007;@425.82
1638347027742.jpg;406;968;465;958;468;976;410;988;@黄金凤
1638347027742.jpg;514;949;572;937;575;957;516;968;@156.44
1638347027742.jpg;620;929;659;922;662;941;623;948;@0.98
1638347027742.jpg;736;908;775;900;778;920;740;927;@何坤
1638347027742.jpg;853;886;901;877;904;896;856;906;@65.75
1638347027742.jpg;968;865;1007;858;1010;877;972;884;@90.6
1638347027742.jpg;1055;850;1112;838;1116;858;1059;868;@蔺淑珍
1638347027742.jpg;1161;830;1219;819;1222;838;1164;848;@147.21
1638347027742.jpg;1257;812;1304;803;1309;822;1260;831;@17.21
1638347027742.jpg;1353;795;1410;784;1414;803;1356;813;@刘小红
1638347027742.jpg;1458;775;1515;764;1519;784;1461;794;@方建军
1638347027742.jpg;208;1047;267;1035;269;1055;211;1066;@458908
1638347027742.jpg;305;1028;354;1020;357;1038;308;1048;@123.6
1638347027742.jpg;412;1008;472;998;474;1018;416;1028;@114.88
1638347027742.jpg;530;988;568;980;571;999;533;1006;@0.97
1638347027742.jpg;617;971;675;960;679;979;620;991;@902.06
1638347027742.jpg;743;948;782;940;785;960;747;967;@张明
1638347027742.jpg;869;925;908;918;911;936;873;943;@王东
1638347027742.jpg;966;907;1024;896;1027;916;969;926;@李红梅
1638347027742.jpg;1062;889;1120;879;1124;897;1066;909;@138.55
1638347027742.jpg;1168;870;1226;859;1229;878;1172;889;@刘秀荣
1638347027742.jpg;1274;851;1312;843;1316;863;1277;870;@0.86
1638347027742.jpg;1361;834;1408;825;1412;844;1364;854;@85.04
1638347027742.jpg;1476;813;1513;806;1517;825;1479;832;@潘英
1638347027742.jpg;233;1084;253;1080;255;1099;236;1103;@60
1638347027742.jpg;321;1067;360;1060;364;1080;324;1087;@刘阳
1638347027742.jpg;428;1048;468;1040;471;1060;432;1067;@57.5
1638347027742.jpg;536;1028;575;1021;578;1040;539;1048;@傅平
1638347027742.jpg;633;1010;672;1003;675;1022;636;1029;@35.7
1638347027742.jpg;750;989;789;982;792;1000;753;1007;@王岩
1638347027742.jpg;866;967;924;956;928;975;870;987;@包凤兰
1638347027742.jpg;973;948;1021;938;1024;958;976;966;@75.22
1638347027742.jpg;1079;928;1117;921;1121;939;1082;947;@11.3
1638347027742.jpg;1176;910;1234;899;1237;919;1179;929;@126.33
1638347027742.jpg;1282;890;1320;883;1324;903;1285;910;@陈帅
1638347027742.jpg;1377;873;1416;866;1420;885;1382;892;@0.92
1638347027742.jpg;1484;854;1522;846;1525;865;1487;872;@张彬
1638347027742.jpg;239;1124;259;1121;261;1140;242;1144;@47
1638347027742.jpg;327;1108;366;1102;370;1120;330;1128;@支洁
1638347027742.jpg;444;1087;464;1083;467;1103;447;1106;@78
1638347027742.jpg;533;1070;581;1061;584;1081;535;1090;@27.63
1638347027742.jpg;630;1053;688;1041;692;1061;633;1071;@王玉华
1638347027742.jpg;746;1031;805;1020;809;1039;750;1051;@147.54
1638347027742.jpg;883;1006;922;999;925;1018;886;1025;@马静
1638347027742.jpg;990;986;1028;978;1031;998;993;1005;@0.99
1638347027742.jpg;1086;968;1125;961;1129;980;1089;988;@石斌
1638347027742.jpg;1192;949;1232;941;1235;961;1197;968;@刘宁
1638347027742.jpg;1289;931;1327;924;1331;942;1293;950;@邓雷
1638347027742.jpg;1385;913;1424;906;1428;925;1390;932;@冯欢
1638347027742.jpg;1482;895;1530;886;1533;906;1485;915;@57.91
1638347027742.jpg;235;1167;275;1160;277;1180;238;1187;@9.48
1638347027742.jpg;323;1152;382;1140;385;1160;326;1170;@孙凤英
1638347027742.jpg;431;1132;490;1120;493;1140;435;1151;@175.32
1638347027742.jpg;548;1110;588;1103;591;1121;552;1129;@1.36
1638347027742.jpg;636;1093;695;1083;698;1102;639;1113;@吴秀芳
1638347027742.jpg;763;1069;803;1063;806;1082;766;1089;@赵亮
1638347027742.jpg;890;1047;929;1039;932;1059;893;1066;@11.7
1638347027742.jpg;987;1029;1045;1018;1049;1037;990;1048;@809144
1638347027742.jpg;1084;1010;1142;1000;1145;1019;1087;1030;@625689
1638347027742.jpg;1190;991;1249;980;1252;999;1194;1010;@986262
1638347027742.jpg;1287;973;1345;962;1348;982;1291;992;@320.81
1638347027742.jpg;1393;954;1432;947;1436;965;1397;972;@87.9
1638347027742.jpg;1500;934;1538;927;1541;946;1503;953;@7.17
1638347027742.jpg;147;798;1498;552;1506;592;154;838;cell@
1638347027742.jpg;137;718;1482;474;1490;515;143;759;cell@
1638347027742.jpg;164;918;1522;670;1530;711;170;960;cell@
1638347027742.jpg;87;368;1413;131;1421;170;93;407;cell@
1638347027742.jpg;131;679;1474;436;1482;475;137;719;cell@
1638347027742.jpg;98;444;1428;206;1436;245;104;484;cell@
1638347027742.jpg;115;561;1451;321;1459;360;120;601;cell@
1638347027742.jpg;159;878;1514;631;1522;671;164;919;cell@
1638347027742.jpg;82;329;1406;93;1413;132;87;369;cell@
1638347027742.jpg;182;1039;1546;789;1554;830;187;1082;cell@
1638347027742.jpg;142;758;1490;514;1498;553;148;799;cell@
1638347027742.jpg;109;522;1443;282;1451;322;115;562;cell@
1638347027742.jpg;170;959;1530;710;1538;750;176;1000;cell@
1638347027742.jpg;126;639;1466;397;1474;437;131;680;cell@
1638347027742.jpg;176;999;1538;749;1546;790;182;1040;cell@
1638347027742.jpg;93;406;1421;169;1429;207;98;445;cell@
1638347027742.jpg;104;483;1435;244;1444;283;109;523;cell@
1638347027742.jpg;187;1081;1554;829;1562;870;193;1122;cell@
1638347027742.jpg;153;837;1506;591;1514;632;159;879;cell@
1638347027742.jpg;193;1121;1562;869;1571;910;199;1163;cell@
1638347027742.jpg;120;600;1459;359;1466;398;126;640;cell@
1638347027742.jpg;199;1162;1570;909;1579;951;205;1205;cell@
1638347027742.jpg;82;329;1406;93;1579;951;205;1205;table@1
