1638347093186.jpg;109;104;184;104;183;124;108;124;@收件信息
1638347093186.jpg;232;104;270;104;269;124;231;124;@单价
1638347093186.jpg;307;104;364;104;363;124;306;124;@收件人
1638347093186.jpg;392;104;487;104;486;124;392;124;@提货人签字
1638347093186.jpg;525;104;562;104;562;124;524;124;@现付
1638347093186.jpg;600;104;657;104;657;124;600;124;@发件人
1638347093186.jpg;695;104;751;104;752;124;695;124;@发件人
1638347093186.jpg;789;104;884;104;884;123;789;123;@托运人签字
1638347093186.jpg;912;104;988;104;988;124;913;124;@收件电话
1638347093186.jpg;1035;104;1092;104;1093;124;1036;124;@发件人
1638347093186.jpg;1148;104;1186;104;1187;124;1149;124;@折扣
1638347093186.jpg;1224;104;1300;104;1301;124;1225;124;@提货方式
1638347093186.jpg;117;124;174;124;173;143;116;143;@收件人
1638347093186.jpg;231;126;268;126;268;141;230;141;@35.7
1638347093186.jpg;316;126;354;126;353;141;315;141;@0.91
1638347093186.jpg;411;126;467;126;467;141;410;141;@144.98
1638347093186.jpg;515;124;572;124;571;143;514;143;@炖禾虫
1638347093186.jpg;600;126;647;126;647;141;600;141;@354.5
1638347093186.jpg;704;126;742;126;742;141;704;141;@2.24
1638347093186.jpg;808;126;856;126;856;141;809;141;@70.25
1638347093186.jpg;922;126;979;126;979;141;923;141;@747761
1638347093186.jpg;1036;126;1093;126;1093;141;1036;141;@100.72
1638347093186.jpg;1159;126;1178;126;1179;141;1160;141;@71
1638347093186.jpg;1235;124;1291;124;1293;143;1236;143;@李秀华
1638347093186.jpg;125;143;163;143;162;161;124;161;@自提
1638347093186.jpg;239;146;258;146;257;160;238;160;@10
1638347093186.jpg;306;143;363;143;362;162;305;162;@甄桂珍
1638347093186.jpg;410;146;467;146;466;160;409;160;@153.05
1638347093186.jpg;514;146;571;146;571;160;514;160;@404728
1638347093186.jpg;600;143;657;143;657;162;600;162;@侯秀云
1638347093186.jpg;704;146;742;146;742;160;704;160;@0.85
1638347093186.jpg;818;146;856;146;856;160;818;160;@0.97
1638347093186.jpg;942;146;961;146;961;160;942;160;@39
1638347093186.jpg;1037;146;1094;146;1094;160;1037;160;@661.17
1638347093186.jpg;1141;146;1198;146;1199;160;1142;160;@141.27
1638347093186.jpg;1245;143;1283;143;1285;161;1246;161;@向东
1638347093186.jpg;114;162;171;162;170;182;113;182;@审核人
1638347093186.jpg;229;162;267;162;266;182;227;182;@罗勇
1638347093186.jpg;314;165;352;165;352;180;313;180;@6.47
1638347093186.jpg;419;165;457;165;456;180;418;180;@39.8
1638347093186.jpg;514;165;561;165;561;180;514;180;@92.81
1638347093186.jpg;600;165;647;165;647;180;599;180;@16.87
1638347093186.jpg;695;165;752;165;752;180;695;180;@146.44
1638347093186.jpg;809;162;866;162;866;182;809;182;@祝桂珍
1638347093186.jpg;933;162;971;162;971;182;933;182;@陈波
1638347093186.jpg;1037;162;1094;162;1095;182;1038;182;@黄丽娟
1638347093186.jpg;1161;165;1180;165;1181;180;1162;180;@85
1638347093186.jpg;1256;165;1275;165;1276;180;1257;180;@89
1638347093186.jpg;104;182;180;182;179;201;102;201;@发件电话
1638347093186.jpg;227;182;266;182;265;201;226;201;@朱娜
1638347093186.jpg;304;182;361;182;360;201;303;201;@郑秀芳
1638347093186.jpg;409;185;456;185;456;199;408;199;@95.93
1638347093186.jpg;513;185;561;185;561;199;513;199;@57.91
1638347093186.jpg;599;185;657;185;657;199;599;199;@141.55
1638347093186.jpg;695;185;742;185;742;199;695;199;@82.23
1638347093186.jpg;809;185;866;185;867;199;809;199;@325969
1638347093186.jpg;924;185;971;185;972;199;924;199;@62.62
1638347093186.jpg;1048;182;1086;182;1087;201;1048;201;@马静
1638347093186.jpg;1152;182;1191;182;1192;201;1153;201;@李洁
1638347093186.jpg;1238;182;1295;182;1297;201;1239;201;@郭桂芝
1638347093186.jpg;93;201;188;201;187;221;91;221;@提货人签字
1638347093186.jpg;226;201;265;201;264;221;225;221;@陈岩
1638347093186.jpg;303;201;360;201;359;221;302;221;@张桂芝
1638347093186.jpg;408;204;456;204;455;219;407;219;@68.28
1638347093186.jpg;513;204;570;204;570;219;513;219;@855.73
1638347093186.jpg;599;201;656;201;656;221;599;221;@刘秀梅
1638347093186.jpg;704;201;743;201;743;221;704;221;@赵俊
1638347093186.jpg;809;201;867;201;867;221;810;221;@张志强
1638347093186.jpg;934;204;972;204;972;219;934;219;@0.93
1638347093186.jpg;1058;204;1077;204;1078;219;1059;219;@46
1638347093186.jpg;1154;204;1192;204;1193;219;1154;219;@39.8
1638347093186.jpg;1249;201;1287;201;1289;221;1250;221;@魏帅
1638347093186.jpg;110;221;168;221;167;240;109;240;@审核人
1638347093186.jpg;216;224;273;224;272;239;215;239;@995.35
1638347093186.jpg;302;224;350;224;349;239;301;239;@72.24
1638347093186.jpg;398;221;474;221;474;240;397;240;@东安子鸡
1638347093186.jpg;513;224;561;224;560;239;512;239;@134.2
1638347093186.jpg;608;221;647;221;647;240;608;240;@马军
1638347093186.jpg;695;224;752;224;752;239;695;239;@206285
1638347093186.jpg;810;224;867;224;867;239;810;239;@279.73
1638347093186.jpg;925;221;982;221;983;240;925;240;@牛淑华
1638347093186.jpg;1040;221;1097;221;1098;240;1040;240;@刘淑英
1638347093186.jpg;1155;224;1193;224;1194;239;1155;239;@57.5
1638347093186.jpg;1241;224;1289;224;1290;239;1242;239;@21.59
1638347093186.jpg;99;240;176;240;175;260;98;260;@发件信息
1638347093186.jpg;224;240;263;240;262;260;223;260;@常涛
1638347093186.jpg;301;243;349;243;348;258;300;258;@54.27
1638347093186.jpg;407;243;464;243;464;258;406;258;@463.39
1638347093186.jpg;512;240;570;240;570;260;512;260;@王婷婷
1638347093186.jpg;599;243;647;243;647;258;598;258;@69.19
1638347093186.jpg;704;243;733;243;733;258;704;258;@0.8
1638347093186.jpg;810;243;858;243;858;258;810;258;@50.08
1638347093186.jpg;925;241;983;241;983;260;926;260;@王丽娟
1638347093186.jpg;1060;243;1079;243;1080;258;1060;258;@64
1638347093186.jpg;1146;240;1204;240;1205;260;1147;260;@林丽丽
1638347093186.jpg;1252;243;1290;243;1291;258;1253;258;@95.8
1638347093186.jpg;98;260;175;260;174;280;97;280;@发件地址
1638347093186.jpg;223;263;261;263;261;278;222;278;@79.7
1638347093186.jpg;300;260;358;260;357;280;299;280;@刘淑英
1638347093186.jpg;416;260;454;260;454;280;415;280;@何伟
1638347093186.jpg;512;260;570;260;569;280;511;280;@陈桂珍
1638347093186.jpg;608;260;647;260;646;280;608;280;@程萍
1638347093186.jpg;704;260;743;260;743;280;704;280;@孔雷
1638347093186.jpg;820;263;858;263;859;278;820;278;@9.13
1638347093186.jpg;926;260;983;260;984;280;926;280;@冯桂英
1638347093186.jpg;1051;260;1089;260;1090;280;1052;280;@黄瑞
1638347093186.jpg;1147;263;1195;263;1196;278;1148;278;@52.26
1638347093186.jpg;1243;260;1301;260;1302;280;1244;280;@王建军
1638347093186.jpg;97;280;174;280;173;300;95;300;@提货方式
1638347093186.jpg;212;280;270;280;269;300;211;300;@焖大鳝
1638347093186.jpg;299;283;357;283;356;298;298;298;@292.61
1638347093186.jpg;415;280;454;280;453;300;414;300;@刘英
1638347093186.jpg;511;283;569;283;569;298;511;298;@149.46
1638347093186.jpg;617;283;637;283;637;298;617;298;@43
1638347093186.jpg;704;283;743;283;743;298;704;298;@3.17
1638347093186.jpg;820;283;859;283;859;298;820;298;@1.62
1638347093186.jpg;936;280;974;280;975;300;936;300;@潘英
1638347093186.jpg;1042;280;1100;280;1101;300;1043;300;@李秀梅
1638347093186.jpg;1148;280;1206;280;1207;300;1149;300;@石兰英
1638347093186.jpg;1254;280;1293;280;1294;299;1255;299;@赵丽
1638347093186.jpg;86;300;182;300;181;319;84;319;@托运人签字
1638347093186.jpg;221;303;259;303;259;318;220;318;@0.95
1638347093186.jpg;308;300;347;300;346;320;307;320;@向娜
1638347093186.jpg;414;303;453;303;452;318;414;318;@97.5
1638347093186.jpg;521;303;559;303;559;318;520;318;@0.93
1638347093186.jpg;598;303;656;303;656;318;598;318;@423943
1638347093186.jpg;704;300;743;300;743;319;704;319;@石斌
1638347093186.jpg;820;300;859;300;859;320;821;320;@耿梅
1638347093186.jpg;927;300;985;300;985;320;927;320;@黄秀兰
1638347093186.jpg;1023;300;1120;300;1121;320;1024;320;@顺德草鱼肠
1638347093186.jpg;1149;303;1198;303;1198;318;1150;318;@59.69
1638347093186.jpg;1256;303;1294;303;1295;318;1257;318;@9.48
1638347093186.jpg;94;320;171;320;170;340;92;340;@大写金额
1638347093186.jpg;210;323;268;323;267;338;209;338;@145.99
1638347093186.jpg;307;323;346;323;345;338;306;338;@0.83
1638347093186.jpg;414;320;452;320;452;340;413;340;@李璐
1638347093186.jpg;510;323;559;323;559;338;510;338;@736.7
1638347093186.jpg;607;323;646;323;646;338;607;338;@0.91
1638347093186.jpg;685;320;762;320;763;340;685;340;@香芋扣肉
1638347093186.jpg;811;323;869;323;869;338;811;338;@287065
1638347093186.jpg;927;320;985;320;986;340;928;340;@李建军
1638347093186.jpg;1044;323;1092;323;1093;338;1044;338;@94.85
1638347093186.jpg;1160;323;1199;323;1200;338;1161;338;@0.94
1638347093186.jpg;1257;320;1295;320;1297;340;1258;340;@李涛
1638347093186.jpg;92;340;170;340;169;361;91;361;@大写金额
1638347093186.jpg;209;343;257;343;257;359;208;359;@45.09
1638347093186.jpg;306;340;345;340;344;361;305;361;@谭刚
1638347093186.jpg;403;343;452;343;451;359;403;359;@13.33
1638347093186.jpg;510;343;559;343;558;359;510;359;@82.51
1638347093186.jpg;607;343;646;343;646;359;607;359;@9.48
1638347093186.jpg;714;343;734;343;734;358;714;358;@42
1638347093186.jpg;821;343;860;343;860;359;821;359;@2.46
1638347093186.jpg;928;340;986;340;987;361;928;361;@陈秀云
1638347093186.jpg;1054;340;1093;340;1094;361;1055;361;@杨帆
1638347093186.jpg;1151;343;1200;343;1201;359;1152;359;@36.75
1638347093186.jpg;1258;343;1297;343;1298;359;1259;359;@3.17
1638347093186.jpg;81;361;179;361;177;381;80;381;@提货人签字
1638347093186.jpg;208;364;266;364;265;379;207;379;@132.36
1638347093186.jpg;305;361;344;361;343;381;304;381;@黄柳
1638347093186.jpg;412;361;451;361;451;381;412;381;@许阳
1638347093186.jpg;519;364;558;364;558;379;519;379;@62.2
1638347093186.jpg;607;364;646;364;646;379;607;379;@11.7
1638347093186.jpg;704;364;743;364;743;379;704;379;@1.36
1638347093186.jpg;802;361;880;361;880;381;802;381;@香芋扣肉
1638347093186.jpg;928;361;987;361;987;381;929;381;@段秀芳
1638347093186.jpg;1045;364;1104;364;1104;379;1046;379;@179644
1638347093186.jpg;1162;361;1201;361;1202;381;1163;381;@穆勇
1638347093186.jpg;1259;361;1298;361;1300;381;1261;381;@李洋
1638347093186.jpg;90;381;168;381;166;401;88;401;@提货方式
1638347093186.jpg;207;384;265;384;264;399;206;399;@116928
1638347093186.jpg;294;384;353;384;352;399;294;399;@954796
1638347093186.jpg;402;384;451;384;450;399;401;399;@68.63
1638347093186.jpg;509;384;568;384;568;399;509;399;@180.34
1638347093186.jpg;607;381;646;381;646;401;607;401;@王彬
1638347093186.jpg;695;381;753;381;753;401;695;401;@吴秀芳
1638347093186.jpg;822;384;861;384;861;399;822;399;@1.62
1638347093186.jpg;929;384;978;384;978;399;929;399;@71.38
1638347093186.jpg;1056;384;1095;384;1095;399;1056;399;@11.7
1638347093186.jpg;1153;384;1202;384;1203;399;1154;399;@82.52
1638347093186.jpg;1261;384;1300;384;1301;399;1262;399;@9.48
1638347093186.jpg;88;401;166;401;165;422;87;422;@发件地址
1638347093186.jpg;215;405;254;405;254;420;214;420;@86.3
1638347093186.jpg;294;401;352;401;352;422;293;422;@孙凤英
1638347093186.jpg;401;405;450;405;450;420;401;420;@22.32
1638347093186.jpg;509;405;558;405;557;420;508;420;@31.97
1638347093186.jpg;597;405;655;405;655;420;597;420;@148.03
1638347093186.jpg;695;405;753;405;753;420;695;420;@639.43
1638347093186.jpg;812;401;871;401;871;421;812;421;@刘小红
1638347093186.jpg;929;401;988;401;989;422;930;422;@丁雪梅
1638347093186.jpg;1047;405;1106;405;1106;420;1047;420;@305.58
1638347093186.jpg;1154;405;1203;405;1204;420;1155;420;@26.02
1638347093186.jpg;1252;405;1311;405;1312;420;1253;420;@405.32
1638347093186.jpg;77;422;175;422;174;443;76;443;@提货人签字
1638347093186.jpg;204;425;263;425;262;441;203;441;@338.78
1638347093186.jpg;293;423;351;423;351;443;292;443;@汪丽娟
1638347093186.jpg;410;425;449;425;449;441;410;441;@87.9
1638347093186.jpg;508;422;567;422;567;443;508;443;@林丽丽
1638347093186.jpg;606;425;646;425;645;441;606;441;@23.6
1638347093186.jpg;714;425;734;425;734;441;714;441;@52
1638347093186.jpg;812;422;871;422;871;443;812;443;@烤乳猪
1638347093186.jpg;940;425;979;425;979;441;940;441;@6.28
1638347093186.jpg;1057;425;1097;425;1097;441;1058;441;@11.3
1638347093186.jpg;1165;425;1205;425;1205;441;1166;441;@0.82
1638347093186.jpg;1263;422;1302;422;1304;443;1264;443;@马军
1638347093186.jpg;95;443;154;443;153;463;94;463;@审核人
1638347093186.jpg;203;446;262;446;261;461;202;461;@156.86
1638347093186.jpg;292;443;351;443;350;463;291;463;@陈秀兰
1638347093186.jpg;410;446;449;446;448;461;409;461;@2.46
1638347093186.jpg;518;446;557;446;557;461;517;461;@80.2
1638347093186.jpg;606;446;645;446;645;461;606;461;@0.82
1638347093186.jpg;714;446;734;446;734;461;714;461;@57
1638347093186.jpg;832;446;852;446;852;461;832;461;@51
1638347093186.jpg;930;443;989;443;990;463;931;463;@方桂芝
1638347093186.jpg;1068;446;1088;446;1088;461;1069;461;@78
1638347093186.jpg;1157;446;1216;446;1216;461;1157;461;@880.64
1638347093186.jpg;1245;443;1323;443;1325;463;1246;463;@炒水蛇片
1638347093186.jpg;209;94;295;94;276;474;187;474;cell@
1638347093186.jpg;294;94;380;94;365;474;276;474;cell@
1638347093186.jpg;1209;94;1314;94;1341;474;1232;474;cell@
1638347093186.jpg;86;94;210;94;188;474;59;474;cell@
1638347093186.jpg;501;94;587;94;582;474;492;474;cell@
1638347093186.jpg;1002;94;1125;94;1144;474;1015;474;cell@
1638347093186.jpg;586;94;672;94;671;474;581;474;cell@
1638347093186.jpg;775;94;899;94;908;474;778;474;cell@
1638347093186.jpg;898;94;1002;94;1016;474;907;474;cell@
1638347093186.jpg;379;94;502;94;493;474;364;474;cell@
1638347093186.jpg;671;94;776;94;779;474;670;474;cell@
1638347093186.jpg;1124;94;1210;94;1233;474;1143;474;cell@
1638347093186.jpg;86;94;1314;94;1341;474;59;474;table@1
