1638346984346.jpg;117;104;192;105;190;123;115;122;@审核时间
1638346984346.jpg;230;106;276;107;275;125;228;124;@507.3
1638346984346.jpg;323;107;361;108;360;126;322;125;@81.9
1638346984346.jpg;399;108;455;109;454;128;397;127;@890004
1638346984346.jpg;492;110;549;111;548;129;491;129;@591937
1638346984346.jpg;596;111;642;112;642;130;595;129;@96.73
1638346984346.jpg;698;113;755;114;755;132;698;131;@李红梅
1638346984346.jpg;811;116;858;116;859;134;811;133;@49.19
1638346984346.jpg;924;118;981;119;981;137;925;136;@方桂芝
1638346984346.jpg;1046;120;1084;121;1085;139;1047;138;@5.45
1638346984346.jpg;1141;122;1197;123;1198;141;1142;140;@326.52
1638346984346.jpg;134;123;171;124;170;142;133;141;@月结
1638346984346.jpg;228;125;275;126;274;144;227;143;@26.52
1638346984346.jpg;312;126;359;127;359;145;312;144;@95.29
1638346984346.jpg;397;128;454;129;453;147;397;146;@王桂芳
1638346984346.jpg;491;129;538;129;538;148;491;148;@65.09
1638346984346.jpg;595;130;642;131;642;150;595;149;@32.19
1638346984346.jpg;698;132;755;133;755;151;699;151;@163.12
1638346984346.jpg;812;134;859;135;859;153;812;152;@50.08
1638346984346.jpg;925;137;972;137;972;155;925;155;@57.73
1638346984346.jpg;1038;139;1085;140;1086;158;1039;157;@185.7
1638346984346.jpg;1142;141;1198;142;1199;160;1143;159;@867.06
1638346984346.jpg;104;141;199;143;198;161;103;159;@提货人签字
1638346984346.jpg;236;144;274;145;273;163;236;162;@曾琴
1638346984346.jpg;312;145;368;146;368;164;311;163;@184.99
1638346984346.jpg;406;147;444;148;443;166;406;165;@杜洋
1638346984346.jpg;500;149;538;149;537;167;499;167;@王晶
1638346984346.jpg;604;151;642;151;641;169;603;169;@91.9
1638346984346.jpg;717;152;736;152;736;171;717;171;@79
1638346984346.jpg;812;153;869;155;868;174;811;172;@903381
1638346984346.jpg;935;156;972;156;972;175;934;175;@7.17
1638346984346.jpg;1048;158;1086;159;1086;177;1048;177;@0.84
1638346984346.jpg;1152;160;1190;160;1190;178;1152;178;@杜娜
1638346984346.jpg;122;161;179;162;177;180;120;179;@收件人
1638346984346.jpg;235;163;273;164;272;182;234;181;@朱东
1638346984346.jpg;311;164;357;165;357;183;309;182;@68.28
1638346984346.jpg;395;166;442;167;442;185;395;184;@61.94
1638346984346.jpg;490;168;537;168;537;186;489;186;@85.84
1638346984346.jpg;613;170;631;170;631;188;612;188;@57
1638346984346.jpg;707;172;745;172;745;190;707;190;@朱娜
1638346984346.jpg;811;173;859;174;859;192;812;191;@70.43
1638346984346.jpg;925;176;982;177;982;195;925;194;@曾丽华
1638346984346.jpg;1039;177;1095;178;1096;197;1039;196;@254.85
1638346984346.jpg;1143;179;1200;180;1201;199;1144;198;@孙凤英
1638346984346.jpg;111;180;186;181;185;200;110;199;@发件信息
1638346984346.jpg;234;182;271;183;271;202;233;201;@9.13
1638346984346.jpg;309;183;366;184;366;203;309;202;@黄丽娟
1638346984346.jpg;395;185;442;186;442;205;394;204;@25.17
1638346984346.jpg;499;187;537;187;536;206;498;206;@8.13
1638346984346.jpg;594;188;650;190;650;208;593;207;@辛桂英
1638346984346.jpg;707;191;745;191;745;209;707;209;@萧娟
1638346984346.jpg;821;193;859;193;859;211;821;211;@唐玲
1638346984346.jpg;935;195;973;195;974;213;935;213;@翟成
1638346984346.jpg;1039;197;1096;198;1097;216;1040;215;@飞龙汤
1638346984346.jpg;1144;199;1201;200;1202;218;1145;217;@258.34
1638346984346.jpg;100;199;195;201;193;219;99;217;@托运人签字
1638346984346.jpg;223;202;271;203;269;221;221;220;@354.5
1638346984346.jpg;309;203;356;204;355;222;307;221;@25.17
1638346984346.jpg;394;205;451;206;450;224;393;223;@321695
1638346984346.jpg;498;207;536;207;535;225;497;225;@57.5
1638346984346.jpg;593;207;641;208;640;227;592;226;@42.47
1638346984346.jpg;698;209;755;210;754;229;697;228;@王建军
1638346984346.jpg;812;211;859;212;859;231;811;230;@17.96
1638346984346.jpg;926;214;983;215;983;234;926;233;@432381
1638346984346.jpg;1040;216;1088;217;1088;236;1040;235;@38.81
1638346984346.jpg;1154;218;1192;218;1192;237;1154;237;@李璐
1638346984346.jpg;98;218;193;220;192;239;97;237;@提货人签字
1638346984346.jpg;221;221;278;222;278;241;221;240;@施桂花
1638346984346.jpg;307;222;364;223;363;242;306;241;@102.36
1638346984346.jpg;393;224;450;225;449;244;392;243;@秦桂珍
1638346984346.jpg;497;226;535;226;535;245;497;245;@周洋
1638346984346.jpg;602;228;640;228;640;247;602;247;@81.9
1638346984346.jpg;707;230;745;230;745;248;707;248;@0.92
1638346984346.jpg;821;232;859;232;859;250;821;250;@石斌
1638346984346.jpg;935;234;973;234;974;252;936;252;@9.13
1638346984346.jpg;1050;236;1088;237;1089;255;1050;254;@70.8
1638346984346.jpg;1145;238;1202;239;1203;257;1146;256;@雷秀华
1638346984346.jpg;106;239;182;240;182;258;105;257;@发件地址
1638346984346.jpg;221;241;268;242;267;260;220;259;@42.83
1638346984346.jpg;306;242;363;243;363;261;306;260;@秦桂珍
1638346984346.jpg;392;244;440;245;439;263;392;262;@93.78
1638346984346.jpg;487;246;545;247;544;265;487;264;@187.89
1638346984346.jpg;592;247;640;247;640;266;592;265;@13.68
1638346984346.jpg;697;248;754;249;755;268;697;267;@338.78
1638346984346.jpg;793;250;888;252;889;271;793;269;@大良炒牛奶
1638346984346.jpg;926;253;984;254;984;273;927;272;@林秀梅
1638346984346.jpg;1041;255;1098;256;1099;275;1042;274;@639.72
1638346984346.jpg;1146;257;1194;257;1195;276;1147;276;@42.47
1638346984346.jpg;115;258;172;259;170;278;113;277;@审核人
1638346984346.jpg;229;260;267;261;266;280;227;279;@王柳
1638346984346.jpg;306;261;363;262;361;281;304;280;@112.57
1638346984346.jpg;391;263;439;264;438;283;390;282;@19.31
1638346984346.jpg;497;265;535;265;534;284;495;284;@马军
1638346984346.jpg;592;266;649;268;649;287;591;285;@669.14
1638346984346.jpg;697;268;745;269;744;288;696;287;@82.52
1638346984346.jpg;822;271;860;271;859;290;821;290;@张畅
1638346984346.jpg;917;272;994;274;994;293;917;291;@东安子鸡
1638346984346.jpg;1023;274;1118;276;1118;295;1022;293;@凤城酿节瓜
1638346984346.jpg;1157;277;1195;277;1195;296;1157;296;@杨伟
1638346984346.jpg;103;278;180;279;179;298;102;297;@收件电话
1638346984346.jpg;227;280;266;281;265;300;227;299;@0.84
1638346984346.jpg;304;281;361;282;361;301;303;300;@张秀珍
1638346984346.jpg;390;283;447;284;447;303;389;302;@662288
1638346984346.jpg;495;285;534;285;533;304;495;304;@景磊
1638346984346.jpg;591;286;649;288;648;307;591;305;@621251
1638346984346.jpg;696;288;754;289;754;308;696;307;@337.58
1638346984346.jpg;821;291;859;291;860;310;821;310;@管芳
1638346984346.jpg;926;293;984;294;985;313;927;312;@刘秀梅
1638346984346.jpg;1051;295;1090;296;1090;315;1052;314;@90.6
1638346984346.jpg;1147;297;1205;298;1206;317;1148;316;@824.22
1638346984346.jpg;92;297;188;299;187;318;91;316;@提货人签字
1638346984346.jpg;226;300;265;301;264;320;226;319;@0.91
1638346984346.jpg;313;301;351;302;351;321;312;320;@0.99
1638346984346.jpg;389;303;437;304;437;323;389;322;@93.78
1638346984346.jpg;476;304;553;306;552;325;475;323;@乐从鱼腐
1638346984346.jpg;591;306;648;308;648;327;591;325;@辣子鸡
1638346984346.jpg;696;308;754;309;754;328;697;327;@196.72
1638346984346.jpg;821;311;860;311;860;330;822;330;@朱欣
1638346984346.jpg;927;313;975;313;976;332;928;332;@17.45
1638346984346.jpg;1042;315;1100;316;1101;335;1043;334;@炖水鱼
1638346984346.jpg;1167;317;1187;317;1188;336;1168;336;@77
1638346984346.jpg;120;318;158;319;156;338;118;337;@自提
1638346984346.jpg;226;320;264;321;262;340;224;339;@张欣
1638346984346.jpg;302;321;360;322;359;341;301;340;@方桂芝
1638346984346.jpg;399;323;437;324;436;343;397;342;@李倩
1638346984346.jpg;495;325;533;325;532;344;493;344;@白军
1638346984346.jpg;581;326;658;328;657;347;580;345;@黄埔炒蛋
1638346984346.jpg;697;328;754;329;754;348;696;347;@张玉英
1638346984346.jpg;822;331;860;331;860;350;821;350;@79.7
1638346984346.jpg;928;333;976;333;975;352;927;352;@69.19
1638346984346.jpg;1043;335;1101;336;1101;355;1043;354;@645964
1638346984346.jpg;1149;337;1207;338;1207;357;1149;356;@冯玉梅
1638346984346.jpg;89;337;185;339;184;358;88;356;@托运人签字
1638346984346.jpg;233;340;253;340;252;359;233;359;@72
1638346984346.jpg;310;341;349;342;348;361;310;360;@0.97
1638346984346.jpg;397;343;436;344;435;363;397;362;@朱东
1638346984346.jpg;503;345;522;345;522;364;503;364;@67
1638346984346.jpg;590;346;648;347;648;366;590;365;@张桂兰
1638346984346.jpg;696;348;754;349;754;368;696;367;@976746
1638346984346.jpg;811;350;869;352;870;371;812;369;@王丽娟
1638346984346.jpg;927;353;975;353;976;372;928;372;@15.13
1638346984346.jpg;1043;355;1101;356;1102;375;1044;374;@175.51
1638346984346.jpg;1149;357;1207;358;1208;377;1150;376;@204489
1638346984346.jpg;107;358;165;359;164;378;106;377;@审核人
1638346984346.jpg;213;360;271;361;270;380;212;379;@132.39
1638346984346.jpg;310;361;348;362;348;381;309;380;@0.98
1638346984346.jpg;387;363;435;364;435;383;386;382;@85.69
1638346984346.jpg;483;365;532;365;531;384;483;384;@240.9
1638346984346.jpg;590;366;648;367;648;386;589;385;@892.56
1638346984346.jpg;706;369;744;369;744;388;706;388;@王鹏
1638346984346.jpg;812;370;870;372;870;391;812;389;@627057
1638346984346.jpg;928;373;986;374;987;393;928;392;@李秀梅
1638346984346.jpg;1044;375;1102;376;1103;395;1045;394;@173.95
1638346984346.jpg;1150;377;1199;377;1200;396;1151;396;@96.65
1638346984346.jpg;87;377;183;379;181;398;85;396;@提货人签字
1638346984346.jpg;222;380;261;381;259;400;220;399;@刘帅
1638346984346.jpg;309;381;348;382;346;401;307;400;@耿梅
1638346984346.jpg;386;383;435;384;433;403;385;402;@55.98
1638346984346.jpg;493;385;531;385;530;404;491;404;@李涛
1638346984346.jpg;589;386;648;387;647;406;588;405;@992.03
1638346984346.jpg;696;388;754;389;753;408;695;407;@364.52
1638346984346.jpg;812;390;870;392;870;411;812;409;@方桂芝
1638346984346.jpg;928;393;977;393;977;412;928;412;@51.12
1638346984346.jpg;1045;395;1093;396;1093;415;1045;414;@50.22
1638346984346.jpg;1151;397;1210;398;1210;417;1151;416;@170.94
1638346984346.jpg;94;398;172;399;171;418;93;417;@收件信息
1638346984346.jpg;210;400;268;401;268;420;209;419;@156.28
1638346984346.jpg;298;401;356;402;355;421;297;420;@黄金凤
1638346984346.jpg;385;403;433;404;433;423;384;422;@25.18
1638346984346.jpg;491;405;530;405;530;424;491;424;@0.97
1638346984346.jpg;598;407;637;407;637;426;598;426;@萧娟
1638346984346.jpg;695;408;744;409;744;428;695;427;@66.93
1638346984346.jpg;812;410;870;412;870;431;812;429;@王秀兰
1638346984346.jpg;928;413;986;414;987;433;929;432;@祝桂珍
1638346984346.jpg;1054;415;1093;416;1094;435;1055;434;@0.92
1638346984346.jpg;1161;417;1200;417;1201;436;1162;436;@4.58
1638346984346.jpg;112;418;151;419;150;438;111;437;@总价
1638346984346.jpg;209;420;268;421;267;441;209;439;@661.17
1638346984346.jpg;297;421;345;422;345;442;296;441;@377.2
1638346984346.jpg;394;423;433;424;432;444;393;443;@李荣
1638346984346.jpg;491;425;530;425;530;445;491;445;@翟成
1638346984346.jpg;598;427;637;427;637;447;598;447;@9.03
1638346984346.jpg;695;428;754;429;754;449;695;448;@张冬梅
1638346984346.jpg;812;430;870;432;871;451;812;450;@孙春梅
1638346984346.jpg;938;433;977;433;978;453;939;453;@11.7
1638346984346.jpg;1045;435;1094;436;1095;456;1046;455;@67.13
1638346984346.jpg;1153;437;1201;437;1201;457;1154;457;@86.69
1638346984346.jpg;92;438;170;439;168;459;90;458;@提货方式
1638346984346.jpg;218;441;257;442;255;460;216;460;@11.3
1638346984346.jpg;296;442;345;443;343;462;294;461;@37.36
1638346984346.jpg;393;444;432;445;431;464;392;463;@9.03
1638346984346.jpg;481;446;539;447;538;466;480;465;@358.52
1638346984346.jpg;598;448;637;448;636;467;597;467;@3.23
1638346984346.jpg;705;450;744;450;743;469;704;469;@6.28
1638346984346.jpg;812;451;871;452;870;471;812;470;@包凤兰
1638346984346.jpg;939;454;978;454;978;473;939;473;@朱娜
1638346984346.jpg;1046;456;1104;457;1105;476;1046;475;@140.71
1638346984346.jpg;1153;458;1211;459;1212;478;1154;477;@608.76
1638346984346.jpg;109;459;148;460;147;479;108;478;@现付
1638346984346.jpg;207;461;265;462;264;482;206;480;@秦桂珍
1638346984346.jpg;294;462;343;463;342;483;294;482;@82.52
1638346984346.jpg;382;464;441;465;440;485;382;484;@820534
1638346984346.jpg;480;466;528;466;528;486;479;486;@98.88
1638346984346.jpg;597;468;636;468;636;488;597;488;@40.5
1638346984346.jpg;685;469;763;471;763;491;685;489;@炒水蛇片
1638346984346.jpg;821;472;860;472;861;492;822;492;@张建
1638346984346.jpg;929;474;988;475;988;495;929;494;@方红梅
1638346984346.jpg;1046;476;1095;477;1096;497;1047;496;@612.8
1638346984346.jpg;1154;478;1213;479;1214;499;1155;498;@117.14
1638346984346.jpg;79;478;176;480;175;500;78;498;@托运人签字
1638346984346.jpg;206;482;264;483;263;502;205;501;@甄桂珍
1638346984346.jpg;294;483;342;484;342;503;293;502;@170.4
1638346984346.jpg;381;485;430;486;430;505;381;504;@85.69
1638346984346.jpg;479;487;538;488;538;507;479;506;@358741
1638346984346.jpg;587;488;646;489;646;508;587;507;@184.82
1638346984346.jpg;694;490;743;491;744;510;695;509;@67.61
1638346984346.jpg;822;493;861;493;860;513;822;513;@95.8
1638346984346.jpg;930;495;988;496;988;516;929;515;@974115
1638346984346.jpg;1057;497;1096;498;1096;518;1057;517;@90.6
1638346984346.jpg;1155;499;1214;500;1214;520;1155;519;@廖婷婷
1638346984346.jpg;107;500;146;501;144;521;105;520;@数量
1638346984346.jpg;205;502;263;503;262;523;203;522;@王婷婷
1638346984346.jpg;293;503;352;504;350;524;291;523;@886230
1638346984346.jpg;391;505;430;506;428;526;389;525;@梁磊
1638346984346.jpg;479;507;538;508;536;528;478;527;@次日达
1638346984346.jpg;587;508;646;509;645;529;586;528;@102.36
1638346984346.jpg;704;511;744;511;743;531;704;531;@罗亮
1638346984346.jpg;811;513;870;514;871;533;812;532;@李淑英
1638346984346.jpg;929;516;978;516;979;535;930;535;@25.17
1638346984346.jpg;1047;518;1106;519;1107;538;1048;537;@557939
1638346984346.jpg;1155;520;1214;521;1215;541;1156;540;@孙凤英
1638346984346.jpg;85;521;163;522;162;542;84;541;@提货方式
1638346984346.jpg;203;523;262;524;261;544;202;543;@567270
1638346984346.jpg;301;524;340;525;339;545;300;544;@祁艳
1638346984346.jpg;379;526;428;527;428;547;379;546;@29.36
1638346984346.jpg;468;527;546;529;546;549;467;547;@顶骨大鳝
1638346984346.jpg;586;529;645;530;645;550;585;549;@石兰英
1638346984346.jpg;704;532;743;532;743;552;704;552;@石斌
1638346984346.jpg;812;533;871;534;871;554;812;553;@174.56
1638346984346.jpg;940;536;979;536;980;556;940;556;@陶飞
1638346984346.jpg;1058;538;1097;538;1098;558;1058;558;@吴颖
1638346984346.jpg;1156;541;1215;542;1216;561;1157;560;@111.78
1638346984346.jpg;94;92;1212;112;1233;573;59;551;cell@
1638346984346.jpg;94;92;1212;112;1233;573;59;551;table@1
