1638346978924.jpg;106;168;182;164;182;182;106;186;@提货方式
1638346978924.jpg;230;161;287;158;287;177;230;179;@周桂珍
1638346978924.jpg;353;154;391;152;392;171;354;173;@3.17
1638346978924.jpg;457;149;505;147;505;165;458;168;@55.98
1638346978924.jpg;562;144;599;142;600;160;562;162;@31.3
1638346978924.jpg;656;139;694;137;695;154;657;157;@王宇
1638346978924.jpg;761;133;817;130;819;148;762;151;@王桂芳
1638346978924.jpg;865;127;912;124;913;143;866;146;@24.68
1638346978924.jpg;969;122;1007;120;1008;138;970;140;@40.5
1638346978924.jpg;1063;117;1101;115;1103;133;1065;135;@谭刚
1638346978924.jpg;1147;112;1204;109;1206;127;1149;130;@吴淑珍
1638346978924.jpg;1241;107;1298;104;1300;123;1243;125;@张秀珍
1638346978924.jpg;115;186;172;183;172;202;115;205;@收件人
1638346978924.jpg;239;180;277;178;278;196;239;199;@杨欣
1638346978924.jpg;344;175;401;172;402;190;344;193;@白灼虾
1638346978924.jpg;467;168;505;166;506;184;468;186;@0.85
1638346978924.jpg;553;163;610;160;610;178;553;181;@汪丽娟
1638346978924.jpg;648;158;705;155;706;174;649;177;@214.65
1638346978924.jpg;762;152;809;149;810;168;763;171;@377.2
1638346978924.jpg;866;147;923;144;924;162;867;165;@赵玉兰
1638346978924.jpg;961;142;1008;139;1010;157;962;160;@25.01
1638346978924.jpg;1065;136;1103;134;1104;152;1066;154;@刘阳
1638346978924.jpg;1168;130;1187;129;1189;148;1170;148;@45
1638346978924.jpg;1243;126;1300;123;1302;142;1245;145;@685274
1638346978924.jpg;105;207;182;203;182;221;105;225;@收件电话
1638346978924.jpg;239;200;277;197;278;215;239;218;@25.3
1638346978924.jpg;344;194;402;191;402;210;345;213;@李秀梅
1638346978924.jpg;468;187;506;185;506;204;469;206;@7.42
1638346978924.jpg;553;182;610;179;611;198;554;201;@118.17
1638346978924.jpg;639;178;715;174;716;192;640;197;@东安子鸡
1638346978924.jpg;772;171;810;169;811;187;773;189;@陶洋
1638346978924.jpg;877;166;915;163;916;181;878;183;@李荣
1638346978924.jpg;972;160;1010;158;1011;177;973;178;@唐玲
1638346978924.jpg;1057;156;1114;152;1116;171;1059;175;@1771.3
1638346978924.jpg;1161;150;1198;148;1200;167;1163;169;@70.8
1638346978924.jpg;1245;146;1302;143;1304;161;1247;164;@汪丽娟
1638346978924.jpg;124;225;163;223;162;242;124;244;@折扣
1638346978924.jpg;249;218;268;217;268;236;249;237;@51
1638346978924.jpg;354;213;392;211;393;229;354;231;@黄瑞
1638346978924.jpg;478;206;498;205;498;223;479;224;@66
1638346978924.jpg;554;202;611;199;612;217;555;220;@万秀珍
1638346978924.jpg;659;197;697;194;698;213;660;215;@杨明
1638346978924.jpg;764;191;821;188;822;207;765;210;@李淑英
1638346978924.jpg;869;185;916;182;917;201;870;204;@95.66
1638346978924.jpg;964;180;1021;177;1022;196;965;199;@131.21
1638346978924.jpg;1059;176;1106;173;1108;191;1060;194;@898.1
1638346978924.jpg;1173;169;1192;168;1193;186;1174;187;@83
1638346978924.jpg;1257;165;1295;162;1297;180;1259;183;@0.85
1638346978924.jpg;114;245;172;242;172;261;114;264;@收件人
1638346978924.jpg;239;239;268;237;268;256;239;258;@1.0
1638346978924.jpg;354;232;393;230;393;249;355;251;@1.36
1638346978924.jpg;460;226;508;224;508;243;460;245;@55.98
1638346978924.jpg;556;221;602;219;603;238;556;240;@95.79
1638346978924.jpg;650;216;708;213;709;232;651;235;@108.02
1638346978924.jpg;765;211;822;208;823;226;766;229;@662288
1638346978924.jpg;870;205;917;202;919;220;871;223;@13.33
1638346978924.jpg;965;200;1022;197;1024;215;967;218;@蔺淑珍
1638346978924.jpg;1060;195;1108;192;1110;211;1062;213;@26.02
1638346978924.jpg;1146;190;1222;186;1224;205;1148;209;@香芋扣肉
1638346978924.jpg;1250;184;1297;181;1299;200;1252;203;@68.28
1638346978924.jpg;114;265;172;262;172;280;114;283;@审核人
1638346978924.jpg;230;259;278;256;278;274;230;277;@104.1
1638346978924.jpg;326;254;422;249;422;268;326;272;@大良野鸡卷
1638346978924.jpg;470;246;508;244;509;263;470;265;@朱晨
1638346978924.jpg;556;241;613;238;614;257;557;260;@163.72
1638346978924.jpg;651;236;699;233;700;252;652;255;@541.3
1638346978924.jpg;785;229;804;228;805;247;786;248;@60
1638346978924.jpg;881;223;919;221;920;240;882;242;@31.8
1638346978924.jpg;967;219;1014;216;1016;235;968;238;@30.37
1638346978924.jpg;1072;213;1110;212;1111;230;1073;232;@刘丹
1638346978924.jpg;1167;209;1195;207;1197;225;1169;227;@0.8
1638346978924.jpg;1262;204;1299;201;1301;219;1264;221;@0.84
1638346978924.jpg;114;284;172;281;172;300;114;303;@发件人
1638346978924.jpg;230;278;287;275;288;294;230;297;@陈秀云
1638346978924.jpg;355;271;393;269;394;288;355;290;@刘磊
1638346978924.jpg;461;266;518;263;519;281;461;284;@杨红梅
1638346978924.jpg;576;260;595;259;596;277;577;278;@54
1638346978924.jpg;652;256;700;253;701;271;653;274;@202.8
1638346978924.jpg;767;250;825;247;826;266;768;269;@155.49
1638346978924.jpg;872;244;920;241;922;260;874;263;@49.19
1638346978924.jpg;978;238;1016;236;1017;255;979;257;@周洋
1638346978924.jpg;1073;233;1111;231;1113;250;1075;252;@王伟
1638346978924.jpg;1159;228;1207;226;1209;245;1161;247;@628.4
1638346978924.jpg;1255;223;1312;220;1314;239;1257;242;@182001
1638346978924.jpg;123;304;162;302;162;321;123;323;@欠付
1638346978924.jpg;220;298;297;294;297;313;220;317;@腊味合蒸
1638346978924.jpg;345;292;403;289;404;308;346;311;@许桂珍
1638346978924.jpg;461;285;519;282;520;301;462;304;@184.99
1638346978924.jpg;567;280;606;278;606;297;568;299;@80.2
1638346978924.jpg;662;274;701;272;702;291;663;293;@9.03
1638346978924.jpg;768;269;816;267;817;285;769;288;@71.04
1638346978924.jpg;874;264;922;261;923;279;875;282;@171.2
1638346978924.jpg;970;259;1027;256;1029;274;971;277;@朱秀华
1638346978924.jpg;1065;253;1113;251;1115;269;1067;271;@55.33
1638346978924.jpg;1161;248;1218;245;1220;264;1163;267;@唐丽娟
1638346978924.jpg;1266;242;1304;240;1306;259;1268;261;@刘英
1638346978924.jpg;94;325;191;320;191;339;94;344;@托运人签字
1638346978924.jpg;239;317;278;315;278;334;239;336;@11.3
1638346978924.jpg;346;312;404;309;404;327;346;331;@陆秀兰
1638346978924.jpg;481;304;500;303;501;322;481;323;@39
1638346978924.jpg;558;300;616;297;617;316;559;319;@995.35
1638346978924.jpg;664;294;702;292;703;311;665;313;@马丹
1638346978924.jpg;779;288;817;286;818;305;780;307;@苗帅
1638346978924.jpg;885;282;923;280;924;299;886;301;@8.13
1638346978924.jpg;961;278;1038;274;1040;293;963;297;@黄埔炒蛋
1638346978924.jpg;1067;272;1115;270;1117;289;1069;291;@32.43
1638346978924.jpg;1172;268;1211;266;1213;284;1174;286;@王鹏
1638346978924.jpg;1259;263;1316;260;1318;278;1261;281;@王丽娟
1638346978924.jpg;123;344;162;342;162;361;123;363;@单价
1638346978924.jpg;230;338;288;335;288;354;230;357;@164.03
1638346978924.jpg;346;332;394;329;395;348;346;351;@42.83
1638346978924.jpg;472;325;510;323;511;342;472;344;@杨帆
1638346978924.jpg;559;320;617;317;618;336;559;339;@张志强
1638346978924.jpg;655;315;704;312;705;331;656;334;@41.77
1638346978924.jpg;761;309;838;305;839;324;762;328;@香芋扣肉
1638346978924.jpg;876;303;934;300;935;319;878;322;@918439
1638346978924.jpg;973;298;1030;294;1032;313;974;317;@李婷婷
1638346978924.jpg;1069;292;1126;289;1128;308;1070;311;@292.61
1638346978924.jpg;1165;287;1222;284;1224;303;1167;306;@320.03
1638346978924.jpg;1261;282;1318;279;1320;298;1263;301;@140.71
1638346978924.jpg;103;365;181;361;181;379;103;384;@货运协议
1638346978924.jpg;239;357;278;355;278;374;239;376;@2.14
1638346978924.jpg;356;351;385;350;385;368;356;370;@0.9
1638346978924.jpg;472;345;511;343;512;362;473;364;@傅平
1638346978924.jpg;559;340;618;337;618;356;560;359;@254.85
1638346978924.jpg;656;335;714;332;715;351;657;354;@681.19
1638346978924.jpg;771;329;820;326;821;345;772;348;@17.56
1638346978924.jpg;887;322;926;320;927;339;889;341;@6.28
1638346978924.jpg;984;317;1022;315;1024;334;985;336;@叶鑫
1638346978924.jpg;1070;312;1128;309;1130;328;1072;331;@396346
1638346978924.jpg;1167;307;1224;304;1226;323;1169;326;@辣子鸡
1638346978924.jpg;1263;302;1320;299;1323;318;1265;321;@128.17
1638346978924.jpg;103;385;181;380;181;400;103;405;@货运协议
1638346978924.jpg;230;378;288;375;288;395;230;398;@方桂芝
1638346978924.jpg;356;371;395;369;395;389;356;391;@单军
1638346978924.jpg;463;365;512;363;512;382;464;384;@18.09
1638346978924.jpg;560;360;618;357;619;376;561;379;@高秀梅
1638346978924.jpg;667;354;706;352;707;371;668;373;@杨婷
1638346978924.jpg;773;349;821;346;822;365;775;368;@68.79
1638346978924.jpg;889;342;927;340;929;359;890;361;@何坤
1638346978924.jpg;976;338;1024;335;1025;354;977;357;@95.79
1638346978924.jpg;1082;332;1120;330;1122;349;1083;351;@张建
1638346978924.jpg;1169;327;1217;324;1219;343;1170;346;@58.54
1638346978924.jpg;1275;321;1313;319;1315;338;1277;340;@2.14
1638346978924.jpg;94;406;190;401;190;420;94;425;@托运人签字
1638346978924.jpg;230;399;288;396;288;415;230;418;@李婷婷
1638346978924.jpg;356;392;395;390;396;409;357;411;@5.45
1638346978924.jpg;473;385;512;383;513;403;474;405;@管芳
1638346978924.jpg;561;380;619;377;620;397;561;400;@丁雪梅
1638346978924.jpg;658;375;707;372;708;392;659;395;@74.09
1638346978924.jpg;775;369;832;365;833;384;776;389;@张桂兰
1638346978924.jpg;890;362;929;360;930;379;891;381;@赵亮
1638346978924.jpg;987;357;1025;355;1027;374;988;376;@0.85
1638346978924.jpg;1074;352;1132;349;1134;368;1076;371;@262.26
1638346978924.jpg;1170;347;1219;344;1221;363;1172;366;@33.83
1638346978924.jpg;1267;342;1325;339;1327;358;1269;361;@785.36
1638346978924.jpg;103;426;181;421;181;440;103;446;@发件电话
1638346978924.jpg;230;419;288;416;288;435;230;438;@761615
1638346978924.jpg;357;412;396;410;396;429;357;431;@7.17
1638346978924.jpg;454;407;532;403;533;422;455;426;@均安蒸猪
1638346978924.jpg;561;401;620;398;621;417;562;420;@张冬梅
1638346978924.jpg;659;396;708;393;709;412;660;415;@75.18
1638346978924.jpg;756;391;853;384;855;404;757;410;@顺德草鱼肠
1638346978924.jpg;891;382;930;380;931;400;893;402;@李博
1638346978924.jpg;988;377;1027;375;1029;395;990;397;@杨云
1638346978924.jpg;1076;372;1134;369;1135;389;1077;392;@冯玉梅
1638346978924.jpg;1172;367;1221;364;1223;383;1174;387;@44.74
1638346978924.jpg;1269;362;1317;359;1320;378;1271;381;@17.56
1638346978924.jpg;123;446;162;442;162;462;122;465;@送货
1638346978924.jpg;239;438;279;436;279;456;239;458;@王晶
1638346978924.jpg;357;432;396;430;396;450;357;452;@阳飞
1638346978924.jpg;474;426;513;424;514;444;475;446;@张健
1638346978924.jpg;572;420;611;418;612;437;573;439;@31.8
1638346978924.jpg;670;415;709;413;709;432;670;434;@2.46
1638346978924.jpg;786;409;825;407;827;426;788;428;@陈波
1638346978924.jpg;884;404;932;401;933;420;885;423;@23.49
1638346978924.jpg;980;398;1038;395;1040;414;982;417;@214.81
1638346978924.jpg;1077;393;1136;390;1137;409;1079;412;@李桂芳
1638346978924.jpg;1174;388;1223;384;1225;404;1176;407;@86.47
1638346978924.jpg;1281;381;1320;379;1322;399;1283;401;@6.25
1638346978924.jpg;113;466;172;463;171;483;112;486;@收件人
1638346978924.jpg;239;459;279;457;279;476;239;478;@赵俊
1638346978924.jpg;357;453;396;451;397;470;357;472;@向东
1638346978924.jpg;465;447;524;444;524;463;465;466;@983222
1638346978924.jpg;573;440;612;438;613;458;573;460;@王晶
1638346978924.jpg;670;435;709;433;710;453;671;455;@55.2
1638346978924.jpg;768;430;846;426;847;446;769;450;@腊味合蒸
1638346978924.jpg;885;424;934;421;934;440;887;444;@65.43
1638346978924.jpg;982;418;1030;416;1032;435;983;437;@56.79
1638346978924.jpg;1079;413;1137;410;1139;429;1081;432;@雷秀华
1638346978924.jpg;1176;408;1235;405;1237;424;1178;427;@482.23
1638346978924.jpg;1273;403;1322;400;1324;419;1275;422;@15.97
1638346978924.jpg;122;486;162;484;161;503;122;505;@送货
1638346978924.jpg;230;481;279;477;279;497;230;500;@13.33
1638346978924.jpg;348;473;406;470;407;490;348;493;@332986
1638346978924.jpg;485;466;505;465;505;485;486;486;@59
1638346978924.jpg;573;461;613;459;613;478;574;481;@李琴
1638346978924.jpg;662;457;720;454;721;473;662;476;@吴秀芳
1638346978924.jpg;789;450;828;448;829;467;790;469;@81.9
1638346978924.jpg;887;445;935;441;937;461;888;464;@423.0
1638346978924.jpg;983;438;1042;435;1043;455;985;458;@马凤英
1638346978924.jpg;1091;433;1130;431;1131;451;1092;453;@66.9
1638346978924.jpg;1178;428;1237;425;1239;445;1180;448;@438851
1638346978924.jpg;1276;423;1334;420;1336;439;1278;442;@龙虎斗
1638346978924.jpg;92;508;191;503;191;523;92;528;@托运人签字
1638346978924.jpg;230;501;289;498;289;518;230;521;@王丽娟
1638346978924.jpg;348;494;407;491;407;511;348;514;@程凤兰
1638346978924.jpg;466;488;525;485;525;504;466;507;@金桂荣
1638346978924.jpg;574;482;613;479;614;499;575;501;@0.89
1638346978924.jpg;672;476;711;474;712;494;673;496;@8.13
1638346978924.jpg;790;470;829;468;830;488;791;490;@57.5
1638346978924.jpg;898;464;937;462;938;482;899;484;@王岩
1638346978924.jpg;996;459;1034;457;1035;476;997;478;@91.9
1638346978924.jpg;1102;453;1122;452;1123;471;1104;472;@73
1638346978924.jpg;1180;449;1239;446;1241;465;1182;468;@655.86
1638346978924.jpg;1287;442;1326;440;1329;460;1290;462;@王华
1638346978924.jpg;82;158;1312;93;1356;470;76;541;cell@
1638346978924.jpg;82;158;1312;93;1356;470;76;541;table@1
