1638347070335.jpg;262;110;299;117;295;136;259;129;@送货
1638347070335.jpg;355;127;447;144;443;161;350;145;@托运人签字
1638347070335.jpg;475;148;567;165;564;184;471;167;@提货人签字
1638347070335.jpg;623;175;660;182;656;200;620;193;@欠付
1638347070335.jpg;716;191;809;208;806;226;712;209;@托运人签字
1638347070335.jpg;846;214;902;225;899;244;843;233;@审核人
1638347070335.jpg;949;233;986;240;983;257;946;251;@自提
1638347070335.jpg;1051;252;1108;261;1105;280;1049;270;@收件人
1638347070335.jpg;1173;273;1211;280;1208;299;1171;292;@总价
1638347070335.jpg;1268;290;1305;297;1303;314;1265;308;@品名
1638347070335.jpg;227;143;319;160;316;178;223;162;@提货人签字
1638347070335.jpg;365;170;411;179;408;193;362;185;@32.43
1638347070335.jpg;495;191;533;198;529;216;492;209;@朱晨
1638347070335.jpg;606;213;653;222;651;236;603;228;@30.07
1638347070335.jpg;727;235;774;244;772;257;725;250;@104.1
1638347070335.jpg;839;255;895;265;893;280;836;270;@244.24
1638347070335.jpg;933;272;980;280;977;295;931;286;@50.04
1638347070335.jpg;1046;289;1102;299;1099;318;1043;308;@段秀芳
1638347070335.jpg;1158;309;1215;319;1212;339;1156;329;@张冬梅
1638347070335.jpg;1252;329;1300;338;1297;352;1250;343;@50.79
1638347070335.jpg;237;184;293;194;290;212;234;203;@发件人
1638347070335.jpg;377;211;394;215;392;228;373;225;@44
1638347070335.jpg;497;233;515;236;513;251;494;247;@84
1638347070335.jpg;609;251;647;257;643;276;606;269;@朱琴
1638347070335.jpg;703;267;796;283;793;303;699;286;@大良野鸡卷
1638347070335.jpg;843;292;880;299;877;318;840;311;@苗帅
1638347070335.jpg;927;310;983;320;981;335;924;324;@358741
1638347070335.jpg;1040;327;1096;338;1094;357;1037;346;@张丽丽
1638347070335.jpg;1162;352;1199;359;1198;374;1160;367;@2.46
1638347070335.jpg;1246;368;1304;377;1302;392;1245;381;@347.48
1638347070335.jpg;230;221;286;231;282;251;226;240;@收件人
1638347070335.jpg;360;248;397;254;394;268;357;262;@0.92
1638347070335.jpg;471;268;518;276;516;290;468;281;@94.63
1638347070335.jpg;593;289;649;300;646;313;590;304;@480.37
1638347070335.jpg;724;312;761;319;759;334;721;327;@0.95
1638347070335.jpg;818;327;893;340;890;359;814;346;@炒水蛇片
1638347070335.jpg;921;345;977;355;975;375;918;365;@王秀兰
1638347070335.jpg;1006;361;1109;379;1107;398;1002;379;@生鲜/当日达
1638347070335.jpg;1148;386;1204;396;1201;416;1144;405;@祝桂珍
1638347070335.jpg;1251;405;1289;412;1287;430;1248;423;@赵博
1638347070335.jpg;231;261;269;268;265;286;228;280;@总价
1638347070335.jpg;362;287;380;290;378;305;359;302;@40
1638347070335.jpg;465;303;521;312;517;332;461;322;@葛淑兰
1638347070335.jpg;586;328;642;338;640;352;583;341;@135820
1638347070335.jpg;707;349;764;360;762;374;705;364;@642147
1638347070335.jpg;821;368;877;377;874;396;817;386;@汪丽娟
1638347070335.jpg;924;388;962;395;959;410;922;403;@86.3
1638347070335.jpg;1028;407;1075;416;1073;430;1025;421;@45.23
1638347070335.jpg;1141;427;1188;436;1187;450;1139;442;@28.27
1638347070335.jpg;1245;446;1284;453;1281;468;1244;461;@70.8
1638347070335.jpg;206;296;281;308;276;328;201;314;@发件地址
1638347070335.jpg;335;322;382;330;380;344;332;337;@51.65
1638347070335.jpg;466;345;503;352;501;367;463;360;@2.24
1638347070335.jpg;579;366;625;375;623;388;577;380;@541.3
1638347070335.jpg;701;388;757;398;755;413;699;402;@124.99
1638347070335.jpg;823;410;861;417;859;431;821;424;@0.94
1638347070335.jpg;908;425;955;433;953;448;906;440;@66.39
1638347070335.jpg;1031;447;1069;454;1067;469;1029;462;@6.47
1638347070335.jpg;1146;465;1183;472;1180;491;1142;484;@陈瑜
1638347070335.jpg;1231;483;1288;493;1285;508;1228;498;@890846
1638347070335.jpg;216;337;254;343;250;363;213;356;@送货
1638347070335.jpg;328;360;374;369;372;383;326;375;@37.93
1638347070335.jpg;441;377;516;391;512;411;437;397;@北京烤鸭
1638347070335.jpg;572;404;619;413;617;427;570;419;@28.27
1638347070335.jpg;704;428;741;435;739;449;701;442;@31.3
1638347070335.jpg;807;447;855;455;852;470;805;462;@17.45
1638347070335.jpg;912;463;950;470;947;489;909;482;@魏晶
1638347070335.jpg;1016;484;1073;494;1071;509;1013;499;@134.22
1638347070335.jpg;1139;507;1177;513;1175;528;1137;521;@23.6
1638347070335.jpg;1225;522;1282;533;1280;547;1223;537;@664.08
1638347070335.jpg;209;376;246;382;243;400;205;394;@自提
1638347070335.jpg;321;396;378;406;373;425;317;415;@祝桂珍
1638347070335.jpg;443;418;500;428;496;447;439;437;@何淑华
1638347070335.jpg;574;444;612;451;610;466;571;459;@38.2
1638347070335.jpg;697;467;734;474;732;488;694;482;@40.5
1638347070335.jpg;802;482;858;493;856;512;798;502;@吴建华
1638347070335.jpg;906;504;943;511;941;526;903;519;@86.3
1638347070335.jpg;1010;523;1067;534;1065;549;1007;538;@297.02
1638347070335.jpg;1124;544;1181;555;1179;569;1122;559;@138.28
1638347070335.jpg;1229;561;1267;568;1265;587;1227;580;@阳飞
1638347070335.jpg;201;414;239;421;235;439;197;432;@品名
1638347070335.jpg;314;434;370;444;366;464;310;454;@刘秀梅
1638347070335.jpg;436;457;493;467;488;486;432;476;@焖大鳝
1638347070335.jpg;558;482;614;492;612;506;556;496;@358741
1638347070335.jpg;681;504;729;512;726;527;679;518;@240.6
1638347070335.jpg;794;525;842;533;840;548;792;539;@96.96
1638347070335.jpg;890;539;947;549;944;569;887;559;@龙虎斗
1638347070335.jpg;1005;560;1062;570;1058;590;1001;579;@徐玉珍
1638347070335.jpg;1128;582;1166;589;1164;608;1125;601;@赵想
1638347070335.jpg;1224;600;1263;607;1259;626;1221;619;@李荣
1638347070335.jpg;165;447;259;465;255;483;162;467;@提货人签字
1638347070335.jpg;315;478;344;482;340;497;313;492;@4.5
1638347070335.jpg;428;498;484;508;482;523;426;513;@419.82
1638347070335.jpg;551;521;607;531;605;546;549;535;@257.62
1638347070335.jpg;674;543;731;554;729;568;672;558;@126.43
1638347070335.jpg;797;566;836;573;833;587;795;580;@95.8
1638347070335.jpg;893;583;931;590;929;605;890;598;@0.84
1638347070335.jpg;998;599;1056;610;1052;629;995;619;@程凤兰
1638347070335.jpg;1122;625;1161;632;1158;646;1120;639;@0.87
1638347070335.jpg;1218;642;1256;649;1254;664;1216;657;@6.25
1638347070335.jpg;167;488;242;501;238;521;163;507;@发件电话
1638347070335.jpg;298;515;354;525;352;540;295;530;@459573
1638347070335.jpg;421;534;478;545;474;565;417;554;@牛淑华
1638347070335.jpg;544;560;592;569;589;583;541;575;@55.98
1638347070335.jpg;678;581;715;588;712;608;674;601;@张健
1638347070335.jpg;782;603;829;612;827;627;779;618;@48.62
1638347070335.jpg;878;618;935;628;931;648;874;637;@张玉英
1638347070335.jpg;1002;640;1040;647;1037;667;998;660;@赵博
1638347070335.jpg;1126;666;1145;669;1143;684;1124;681;@49
1638347070335.jpg;1212;681;1250;688;1249;703;1210;696;@91.9
1638347070335.jpg;159;527;234;541;230;560;155;547;@支付方式
1638347070335.jpg;300;556;338;563;335;578;297;571;@40.5
1638347070335.jpg;413;577;461;585;458;600;411;592;@71.29
1638347070335.jpg;547;598;585;605;582;625;543;618;@孔雷
1638347070335.jpg;670;624;708;631;706;645;668;638;@6.25
1638347070335.jpg;775;643;823;651;820;666;772;657;@72.24
1638347070335.jpg;870;660;928;671;926;685;869;675;@166.53
1638347070335.jpg;985;681;1034;690;1031;704;983;696;@240.9
1638347070335.jpg;1110;704;1149;710;1147;726;1108;719;@2.24
1638347070335.jpg;1197;717;1256;728;1252;747;1195;737;@方红梅
1638347070335.jpg;170;570;207;577;204;595;166;588;@品名
1638347070335.jpg;302;597;321;601;318;615;299;612;@73
1638347070335.jpg;407;613;464;624;460;643;403;633;@吕玉梅
1638347070335.jpg;529;639;587;649;584;664;527;653;@272.78
1638347070335.jpg;654;658;711;669;708;688;651;678;@甘桂香
1638347070335.jpg;769;679;826;690;823;709;766;699;@许桂珍
1638347070335.jpg;864;699;912;708;910;724;862;715;@323.6
1638347070335.jpg;989;723;1028;730;1025;745;987;738;@3.23
1638347070335.jpg;1105;741;1143;748;1141;768;1102;761;@郭超
1638347070335.jpg;1211;763;1229;766;1228;782;1208;779;@68
1638347070335.jpg;162;609;200;616;196;636;158;629;@单价
1638347070335.jpg;266;628;342;642;338;662;263;648;@黄埔炒蛋
1638347070335.jpg;409;654;447;661;443;681;405;674;@王柳
1638347070335.jpg;533;677;571;684;567;703;530;696;@刘丹
1638347070335.jpg;657;699;695;706;692;727;653;720;@金畅
1638347070335.jpg;762;723;810;731;807;746;759;737;@11.29
1638347070335.jpg;867;742;905;749;904;763;864;756;@0.97
1638347070335.jpg;983;762;1022;769;1019;785;981;778;@9.13
1638347070335.jpg;1089;783;1137;791;1135;806;1087;797;@67.95
1638347070335.jpg;1185;800;1234;809;1232;824;1183;815;@199.3
1638347070335.jpg;125;643;221;661;216;680;122;663;@提货人签字
1638347070335.jpg;268;669;325;680;322;700;264;689;@朱秀华
1638347070335.jpg;392;695;449;705;446;721;388;710;@423943
1638347070335.jpg;516;716;573;726;570;746;513;735;@焖大鳝
1638347070335.jpg;659;745;678;748;675;763;657;759;@63
1638347070335.jpg;755;762;813;772;810;788;752;778;@328.56
1638347070335.jpg;852;777;910;788;906;807;848;797;@方桂芝
1638347070335.jpg;977;800;1016;807;1013;828;974;821;@余平
1638347070335.jpg;1073;817;1151;832;1149;852;1071;838;@东安子鸡
1638347070335.jpg;1189;839;1229;846;1226;867;1187;860;@曾琴
1638347070335.jpg;146;688;184;695;180;715;142;707;@品名
1638347070335.jpg;269;714;307;721;304;736;266;729;@6.28
1638347070335.jpg;394;734;432;741;429;761;391;754;@张健
1638347070335.jpg;509;758;556;767;553;782;505;774;@104.2
1638347070335.jpg;643;780;681;787;678;807;640;800;@王勇
1638347070335.jpg;749;802;796;811;794;827;746;817;@94.89
1638347070335.jpg;845;817;903;828;900;848;842;837;@陈小红
1638347070335.jpg;942;835;1039;852;1035;873;939;855;@顺德草鱼肠
1638347070335.jpg;1067;859;1145;873;1143;893;1065;878;@黄埔炒蛋
1638347070335.jpg;1184;882;1222;890;1221;905;1181;898;@80.2
1638347070335.jpg;128;727;185;737;182;757;125;746;@发件人
1638347070335.jpg;262;751;300;758;296;779;259;771;@管芳
1638347070335.jpg;358;768;454;787;450;806;354;789;@五彩炒蛇丝
1638347070335.jpg;501;798;549;807;546;823;498;813;@61.12
1638347070335.jpg;626;822;674;831;671;845;623;837;@45.23
1638347070335.jpg;742;840;801;850;797;871;739;860;@李淑英
1638347070335.jpg;838;861;896;871;894;886;836;876;@460.08
1638347070335.jpg;965;881;1003;888;1001;908;961;901;@唐玲
1638347070335.jpg;1071;904;1120;912;1117;928;1069;919;@95.79
1638347070335.jpg;1178;924;1217;931;1215;947;1175;939;@90.6
1638347070335.jpg;110;764;187;779;184;799;107;785;@发件地址
1638347070335.jpg;263;796;282;799;280;814;260;811;@79
1638347070335.jpg;369;815;427;827;423;841;366;831;@147.21
1638347070335.jpg;504;837;543;844;539;865;501;858;@苗帅
1638347070335.jpg;619;862;677;873;674;887;616;877;@764.26
1638347070335.jpg;735;880;794;892;790;911;732;901;@冯玉梅
1638347070335.jpg;831;901;881;910;878;926;829;916;@96.96
1638347070335.jpg;967;927;987;930;984;946;966;942;@73
1638347070335.jpg;1065;944;1114;954;1111;969;1063;960;@41.54
1638347070335.jpg;1162;962;1221;974;1219;989;1161;978;@636206
1638347070335.jpg;122;808;161;815;156;835;118;828;@备注
1638347070335.jpg;237;830;294;840;291;861;233;850;@陈小红
1638347070335.jpg;343;849;439;867;435;887;339;870;@均安煎鱼饼
1638347070335.jpg;468;873;564;891;561;911;464;893;@五彩炒蛇丝
1638347070335.jpg;612;900;670;910;667;931;609;920;@万秀珍
1638347070335.jpg;728;924;776;933;775;949;725;939;@72.35
1638347070335.jpg;836;941;874;949;871;968;832;961;@方林
1638347070335.jpg;942;964;991;973;988;988;939;979;@60.58
1638347070335.jpg;1059;986;1118;997;1115;1012;1056;1001;@140.08
1638347070335.jpg;1166;1006;1206;1013;1203;1028;1165;1021;@85.5
1638347070335.jpg;94;845;171;860;167;880;90;866;@收件信息
1638347070335.jpg;248;877;267;880;264;896;245;893;@62
1638347070335.jpg;354;897;412;907;408;923;350;912;@326.52
1638347070335.jpg;479;920;537;931;534;947;476;935;@978987
1638347070335.jpg;605;940;664;951;660;972;602;961;@王建军
1638347070335.jpg;722;962;781;973;777;993;718;983;@刘淑英
1638347070335.jpg;819;983;868;992;865;1008;816;999;@54.69
1638347070335.jpg;936;1005;994;1015;992;1031;933;1021;@326.52
1638347070335.jpg;1053;1024;1113;1034;1109;1055;1050;1045;@东坡肉
1638347070335.jpg;1150;1045;1200;1054;1198;1070;1149;1061;@65.09
1638347070335.jpg;177;319;299;341;291;380;169;358;cell@
1638347070335.jpg;799;352;903;371;897;411;792;391;cell@
1638347070335.jpg;223;92;344;114;336;153;215;131;cell@
1638347070335.jpg;706;905;814;926;807;967;700;948;cell@
1638347070335.jpg;412;401;535;423;528;463;405;441;cell@
1638347070335.jpg;901;941;1038;967;1032;1009;894;983;cell@
1638347070335.jpg;1185;703;1272;720;1266;760;1178;744;cell@
1638347070335.jpg;583;157;705;179;698;217;576;196;cell@
1638347070335.jpg;244;613;368;636;361;676;236;653;cell@
1638347070335.jpg;921;256;1006;272;1000;310;915;295;cell@
1638347070335.jpg;98;709;223;732;214;774;88;750;cell@
1638347070335.jpg;208;167;329;189;321;228;200;207;cell@
1638347070335.jpg;229;692;354;716;346;756;221;733;cell@
1638347070335.jpg;1223;428;1310;444;1305;483;1218;468;cell@
1638347070335.jpg;700;947;807;966;800;1008;693;988;cell@
1638347070335.jpg;346;755;471;779;464;820;338;796;cell@
1638347070335.jpg;390;517;514;540;507;581;382;558;cell@
1638347070335.jpg;73;830;199;853;191;895;65;871;cell@
1638347070335.jpg;819;884;908;901;902;942;813;926;cell@
1638347070335.jpg;343;114;464;136;456;174;335;152;cell@
1638347070335.jpg;283;418;406;440;398;480;275;457;cell@
1638347070335.jpg;786;429;891;448;884;487;779;469;cell@
1638347070335.jpg;145;473;268;495;261;535;137;513;cell@
1638347070335.jpg;1090;605;1196;624;1191;665;1084;645;cell@
1638347070335.jpg;595;801;721;825;714;866;588;842;cell@
1638347070335.jpg;1125;371;1230;390;1224;429;1120;411;cell@
1638347070335.jpg;938;699;1073;724;1067;765;932;740;cell@
1638347070335.jpg;527;462;651;484;644;524;520;502;cell@
1638347070335.jpg;865;604;951;620;945;660;859;645;cell@
1638347070335.jpg;569;232;691;254;685;293;562;271;cell@
1638347070335.jpg;470;778;596;801;589;843;463;820;cell@
1638347070335.jpg;330;836;456;859;449;901;323;877;cell@
1638347070335.jpg;267;495;391;518;383;558;260;535;cell@
1638347070335.jpg;375;596;499;619;492;659;367;637;cell@
1638347070335.jpg;1072;724;1180;743;1174;785;1066;764;cell@
1638347070335.jpg;200;206;321;227;314;266;192;244;cell@
1638347070335.jpg;1108;487;1213;506;1208;546;1102;527;cell@
1638347070335.jpg;448;900;575;923;567;965;440;941;cell@
1638347070335.jpg;548;346;671;369;664;408;541;385;cell@
1638347070335.jpg;981;424;1115;448;1109;488;975;464;cell@
1638347070335.jpg;1212;506;1299;522;1294;562;1207;546;cell@
1638347070335.jpg;852;683;939;699;933;740;846;724;cell@
1638347070335.jpg;455;859;582;882;575;924;448;901;cell@
1638347070335.jpg;588;841;714;865;707;906;581;883;cell@
1638347070335.jpg;859;644;945;659;939;700;852;684;cell@
1638347070335.jpg;999;309;1132;333;1126;373;993;348;cell@
1638347070335.jpg;1196;624;1283;640;1277;680;1190;664;cell@
1638347070335.jpg;920;820;1055;844;1049;886;913;861;cell@
1638347070335.jpg;361;675;486;698;478;739;352;716;cell@
1638347070335.jpg;825;200;928;219;922;257;818;239;cell@
1638347070335.jpg;192;243;314;265;306;304;184;281;cell@
1638347070335.jpg;198;852;324;876;316;919;190;895;cell@
1638347070335.jpg;1245;275;1331;290;1326;330;1240;314;cell@
1638347070335.jpg;305;303;428;325;420;364;298;341;cell@
1638347070335.jpg;839;763;927;780;920;821;833;804;cell@
1638347070335.jpg;541;384;664;407;658;447;534;424;cell@
1638347070335.jpg;975;463;1109;487;1103;527;969;503;cell@
1638347070335.jpg;878;526;964;541;958;582;871;566;cell@
1638347070335.jpg;766;546;872;565;866;605;760;586;cell@
1638347070335.jpg;184;280;306;303;299;341;177;320;cell@
1638347070335.jpg;805;313;909;333;903;372;799;353;cell@
1638347070335.jpg;713;865;820;884;814;927;706;906;cell@
1638347070335.jpg;616;681;742;704;734;745;608;722;cell@
1638347070335.jpg;1150;946;1239;962;1232;1004;1144;987;cell@
1638347070335.jpg;1229;390;1315;405;1310;445;1223;429;cell@
1638347070335.jpg;957;581;1091;605;1085;645;950;621;cell@
1638347070335.jpg;1156;905;1245;922;1238;963;1150;947;cell@
1638347070335.jpg;161;396;284;418;276;458;153;435;cell@
1638347070335.jpg;1102;526;1208;545;1202;586;1096;566;cell@
1638347070335.jpg;456;173;577;195;570;233;448;211;cell@
1638347070335.jpg;353;715;479;738;470;780;345;756;cell@
1638347070335.jpg;169;357;291;379;284;419;161;397;cell@
1638347070335.jpg;298;340;420;363;413;402;290;380;cell@
1638347070335.jpg;1138;1028;1228;1045;1222;1087;1132;1070;cell@
1638347070335.jpg;753;625;860;644;853;684;746;665;cell@
1638347070335.jpg;792;390;897;410;891;449;786;430;cell@
1638347070335.jpg;448;210;570;232;563;271;441;250;cell@
1638347070335.jpg;1084;644;1192;664;1185;704;1078;685;cell@
1638347070335.jpg;106;669;230;692;222;733;97;710;cell@
1638347070335.jpg;153;434;276;457;268;496;145;474;cell@
1638347070335.jpg;657;445;780;468;774;508;650;485;cell@
1638347070335.jpg;1096;565;1202;585;1196;625;1090;606;cell@
1638347070335.jpg;697;216;819;238;813;277;690;254;cell@
1638347070335.jpg;602;761;728;784;721;826;595;802;cell@
1638347070335.jpg;871;565;958;581;951;621;865;605;cell@
1638347070335.jpg;328;189;449;211;442;250;320;228;cell@
1638347070335.jpg;222;732;347;755;339;796;214;774;cell@
1638347070335.jpg;81;789;207;812;199;854;73;831;cell@
1638347070335.jpg;338;795;464;819;456;860;330;837;cell@
1638347070335.jpg;1043;926;1151;946;1145;988;1036;967;cell@
1638347070335.jpg;1078;684;1186;703;1179;744;1073;725;cell@
1638347070335.jpg;581;882;707;906;701;948;574;924;cell@
1638347070335.jpg;513;540;637;563;630;603;506;580;cell@
1638347070335.jpg;741;703;847;724;840;764;733;745;cell@
1638347070335.jpg;987;386;1121;410;1115;449;981;425;cell@
1638347070335.jpg;555;308;678;330;671;370;548;347;cell@
1638347070335.jpg;643;523;767;546;761;586;636;564;cell@
1638347070335.jpg;1060;804;1168;824;1163;865;1054;845;cell@
1638347070335.jpg;576;195;698;216;691;255;569;233;cell@
1638347070335.jpg;969;502;1103;526;1097;567;963;542;cell@
1638347070335.jpg;1168;824;1255;840;1250;881;1162;865;cell@
1638347070335.jpg;214;772;339;795;331;837;206;813;cell@
1638347070335.jpg;1114;448;1219;468;1213;507;1108;488;cell@
1638347070335.jpg;727;784;834;803;827;845;720;826;cell@
1638347070335.jpg;690;254;813;276;806;315;684;293;cell@
1638347070335.jpg;367;636;492;658;485;699;360;676;cell@
1638347070335.jpg;574;923;701;947;694;988;566;965;cell@
1638347070335.jpg;498;619;623;642;616;682;491;659;cell@
1638347070335.jpg;1218;467;1305;482;1299;523;1212;507;cell@
1638347070335.jpg;1173;784;1261;799;1255;841;1168;825;cell@
1638347070335.jpg;313;265;435;286;428;326;305;304;cell@
1638347070335.jpg;206;812;331;836;324;877;198;853;cell@
1638347070335.jpg;950;620;1085;644;1079;685;944;660;cell@
1638347070335.jpg;506;579;630;602;623;643;498;620;cell@
1638347070335.jpg;846;723;933;739;926;781;839;764;cell@
1638347070335.jpg;806;966;895;983;889;1025;799;1008;cell@
1638347070335.jpg;773;506;879;526;871;566;766;547;cell@
1638347070335.jpg;1055;844;1163;864;1157;906;1048;886;cell@
1638347070335.jpg;677;330;800;352;793;391;670;370;cell@
1638347070335.jpg;622;641;747;664;741;705;615;682;cell@
1638347070335.jpg;478;738;603;761;596;802;470;779;cell@
1638347070335.jpg;1235;351;1321;367;1316;406;1229;391;cell@
1638347070335.jpg;485;698;610;721;602;762;477;739;cell@
1638347070335.jpg;826;844;914;860;908;902;819;885;cell@
1638347070335.jpg;963;541;1097;566;1091;606;957;582;cell@
1638347070335.jpg;1162;864;1249;880;1244;922;1156;906;cell@
1638347070335.jpg;1240;313;1326;329;1321;368;1235;352;cell@
1638347070335.jpg;779;468;885;486;878;527;773;507;cell@
1638347070335.jpg;121;591;245;613;237;654;113;631;cell@
1638347070335.jpg;684;292;806;314;800;353;677;331;cell@
1638347070335.jpg;463;136;584;157;577;196;456;174;cell@
1638347070335.jpg;907;901;1044;926;1037;968;901;942;cell@
1638347070335.jpg;944;659;1079;684;1073;725;938;700;cell@
1638347070335.jpg;812;276;915;294;909;334;805;314;cell@
1638347070335.jpg;534;423;658;446;651;485;527;463;cell@
1638347070335.jpg;760;585;866;604;860;645;753;626;cell@
1638347070335.jpg;720;825;827;844;820;885;713;866;cell@
1638347070335.jpg;1144;986;1233;1003;1227;1046;1138;1029;cell@
1638347070335.jpg;663;407;787;429;780;469;657;446;cell@
1638347070335.jpg;704;179;826;200;819;239;697;217;cell@
1638347070335.jpg;441;249;563;270;556;309;434;287;cell@
1638347070335.jpg;927;218;1012;233;1006;273;921;257;cell@
1638347070335.jpg;215;130;336;152;329;190;208;168;cell@
1638347070335.jpg;1143;256;1246;276;1241;314;1137;296;cell@
1638347070335.jpg;113;630;238;653;229;693;105;670;cell@
1638347070335.jpg;747;664;853;683;847;725;740;704;cell@
1638347070335.jpg;1179;743;1266;759;1261;800;1173;785;cell@
1638347070335.jpg;290;379;413;401;406;441;283;419;cell@
1638347070335.jpg;397;479;521;501;514;541;390;518;cell@
1638347070335.jpg;335;151;457;173;449;211;328;190;cell@
1638347070335.jpg;89;749;215;772;207;813;81;790;cell@
1638347070335.jpg;137;512;261;534;253;575;129;552;cell@
1638347070335.jpg;1131;333;1235;351;1230;391;1125;372;cell@
1638347070335.jpg;1049;885;1157;905;1151;947;1042;927;cell@
1638347070335.jpg;894;982;1032;1008;1026;1050;888;1025;cell@
1638347070335.jpg;908;333;994;347;988;387;902;372;cell@
1638347070335.jpg;520;501;644;523;637;564;513;541;cell@
1638347070335.jpg;609;721;735;744;727;785;601;762;cell@
1638347070335.jpg;1137;295;1241;313;1235;352;1131;334;cell@
1638347070335.jpg;650;484;774;507;767;547;643;524;cell@
1638347070335.jpg;383;557;507;580;499;620;375;597;cell@
1638347070335.jpg;323;876;449;900;441;941;315;917;cell@
1638347070335.jpg;1031;1008;1139;1028;1133;1070;1025;1050;cell@
1638347070335.jpg;1066;763;1174;784;1169;825;1060;805;cell@
1638347070335.jpg;915;294;1000;309;994;348;908;334;cell@
1638347070335.jpg;275;457;398;479;391;519;267;496;cell@
1638347070335.jpg;320;227;442;249;435;287;313;266;cell@
1638347070335.jpg;1037;966;1145;987;1139;1029;1031;1009;cell@
1638347070335.jpg;1120;410;1224;428;1219;469;1114;449;cell@
1638347070335.jpg;734;744;840;763;834;804;726;785;cell@
1638347070335.jpg;434;286;556;308;549;347;427;326;cell@
1638347070335.jpg;636;563;761;585;754;626;629;603;cell@
1638347070335.jpg;463;819;589;842;582;883;455;860;cell@
1638347070335.jpg;562;270;685;292;678;331;555;309;cell@
1638347070335.jpg;896;409;982;424;976;465;890;449;cell@
1638347070335.jpg;813;925;902;941;895;984;806;967;cell@
1638347070335.jpg;902;371;988;386;982;425;896;410;cell@
1638347070335.jpg;926;780;1061;804;1055;845;919;821;cell@
1638347070335.jpg;1011;233;1143;256;1138;296;1005;272;cell@
1638347070335.jpg;1207;545;1294;561;1288;601;1201;586;cell@
1638347070335.jpg;252;574;376;596;368;637;244;614;cell@
1638347070335.jpg;884;486;970;502;964;542;877;527;cell@
1638347070335.jpg;492;658;617;681;609;722;484;699;cell@
1638347070335.jpg;933;739;1067;764;1061;805;925;780;cell@
1638347070335.jpg;833;803;921;820;913;861;826;845;cell@
1638347070335.jpg;419;363;542;385;535;424;412;402;cell@
1638347070335.jpg;129;551;253;574;245;614;121;591;cell@
1638347070335.jpg;427;325;549;346;542;386;419;364;cell@
1638347070335.jpg;260;534;383;557;376;597;252;575;cell@
1638347070335.jpg;993;347;1126;372;1121;411;987;387;cell@
1638347070335.jpg;891;448;976;464;970;503;883;487;cell@
1638347070335.jpg;1191;663;1277;679;1272;721;1184;704;cell@
1638347070335.jpg;913;860;1050;885;1043;927;907;902;cell@
1638347070335.jpg;818;238;922;256;916;295;812;277;cell@
1638347070335.jpg;629;602;754;625;747;665;622;642;cell@
1638347070335.jpg;670;369;793;390;787;430;663;408;cell@
1638347070335.jpg;405;440;528;462;521;502;397;480;cell@
1638347070335.jpg;237;652;362;675;353;717;228;693;cell@
1638347070335.jpg;1005;271;1138;295;1132;334;999;310;cell@
1638347070335.jpg;1201;585;1288;600;1283;641;1195;625;cell@
1638347070335.jpg;223;92;1331;290;1222;1087;65;871;table@1
