1638347101047.jpg;168;106;263;116;260;134;165;124;@托运人签字
1638347101047.jpg;291;119;366;127;364;145;289;137;@发件电话
1638347101047.jpg;395;130;470;138;468;156;392;148;@收件电话
1638347101047.jpg;508;142;546;146;544;164;506;160;@现付
1638347101047.jpg;603;152;640;156;639;174;601;171;@数量
1638347101047.jpg;688;161;765;169;762;187;686;179;@货运协议
1638347101047.jpg;803;174;840;177;838;196;801;192;@自提
1638347101047.jpg;878;181;955;189;953;207;876;200;@发件信息
1638347101047.jpg;992;194;1030;198;1029;216;990;211;@备注
1638347101047.jpg;1069;202;1145;209;1144;228;1067;220;@提货方式
1638347101047.jpg;1173;212;1231;219;1229;237;1172;231;@发件人
1638347101047.jpg;1260;222;1336;230;1335;248;1258;240;@大写金额
1638347101047.jpg;1364;233;1461;243;1459;262;1363;251;@提货人签字
1638347101047.jpg;1518;249;1556;253;1555;271;1516;268;@品名
1638347101047.jpg;1633;262;1672;266;1671;284;1632;279;@总价
1638347101047.jpg;162;144;257;154;255;173;160;162;@提货人签字
1638347101047.jpg;295;158;352;164;349;182;292;176;@炖水鱼
1638347101047.jpg;399;170;456;175;453;194;397;187;@杨秀英
1638347101047.jpg;494;179;551;185;549;203;491;198;@刘桂花
1638347101047.jpg;580;188;655;197;653;215;577;206;@黄埔炒蛋
1638347101047.jpg;693;201;741;205;739;224;691;219;@43.17
1638347101047.jpg;788;210;846;217;844;235;786;229;@吴淑珍
1638347101047.jpg;894;222;932;226;930;244;892;240;@0.89
1638347101047.jpg;988;232;1027;236;1025;254;987;250;@0.88
1638347101047.jpg;1075;241;1132;247;1130;266;1073;260;@白灼虾
1638347101047.jpg;1170;251;1228;257;1226;275;1168;270;@118307
1638347101047.jpg;1266;262;1323;268;1322;286;1265;280;@曾丽华
1638347101047.jpg;1391;274;1429;278;1428;297;1389;293;@57.5
1638347101047.jpg;1486;285;1583;295;1581;314;1485;304;@大良炒牛奶
1638347101047.jpg;1621;299;1669;305;1667;322;1620;317;@50.79
1638347101047.jpg;186;185;223;190;220;207;183;203;@自提
1638347101047.jpg;309;199;328;201;325;219;306;217;@58
1638347101047.jpg;385;206;460;215;458;234;383;225;@北京烤鸭
1638347101047.jpg;499;219;537;223;535;241;496;237;@牛伟
1638347101047.jpg;584;228;641;234;639;252;582;246;@陈小红
1638347101047.jpg;689;239;737;244;735;263;687;258;@64.93
1638347101047.jpg;784;249;842;255;840;273;782;268;@654.41
1638347101047.jpg;890;261;927;265;925;283;888;279;@唐婷
1638347101047.jpg;975;270;1033;275;1031;294;973;288;@程秀梅
1638347101047.jpg;1071;280;1128;286;1127;305;1070;298;@165.86
1638347101047.jpg;1167;290;1225;296;1223;315;1165;309;@盛桂芝
1638347101047.jpg;1272;301;1310;306;1309;324;1270;319;@支洁
1638347101047.jpg;1378;313;1436;318;1435;337;1377;331;@张丽丽
1638347101047.jpg;1503;326;1561;332;1560;351;1501;344;@632627
1638347101047.jpg;1618;338;1666;343;1665;362;1617;357;@94.89
1638347101047.jpg;152;221;246;231;244;249;149;239;@托运人签字
1638347101047.jpg;294;236;332;240;330;259;291;255;@王鹏
1638347101047.jpg;398;247;437;251;434;270;396;266;@1.62
1638347101047.jpg;484;257;541;263;539;281;482;274;@陈小红
1638347101047.jpg;579;267;637;272;635;291;577;285;@245.94
1638347101047.jpg;685;278;742;284;740;303;683;296;@112.57
1638347101047.jpg;799;290;818;292;816;311;797;309;@71
1638347101047.jpg;885;299;923;304;921;322;883;317;@常涛
1638347101047.jpg;972;309;1029;315;1028;333;970;327;@王秀兰
1638347101047.jpg;1086;320;1106;322;1104;341;1085;339;@65
1638347101047.jpg;1163;329;1221;335;1220;354;1162;348;@146.44
1638347101047.jpg;1269;340;1307;344;1306;363;1267;359;@苗帅
1638347101047.jpg;1375;352;1423;357;1421;375;1374;371;@11.29
1638347101047.jpg;1500;365;1558;372;1557;390;1499;383;@284.75
1638347101047.jpg;1616;377;1674;383;1673;402;1614;396;@侯秀云
1638347101047.jpg;174;263;212;267;210;285;171;281;@自提
1638347101047.jpg;289;274;326;279;324;298;286;293;@王伟
1638347101047.jpg;403;287;422;289;420;308;401;306;@67
1638347101047.jpg;498;297;517;300;515;317;496;315;@52
1638347101047.jpg;584;307;623;311;621;329;582;325;@林丹
1638347101047.jpg;689;317;728;322;726;340;687;336;@王伟
1638347101047.jpg;776;327;834;333;832;352;774;346;@174.68
1638347101047.jpg;871;337;929;343;927;362;869;356;@962015
1638347101047.jpg;968;348;1025;354;1023;373;966;367;@953675
1638347101047.jpg;1073;359;1112;363;1110;381;1071;377;@2.46
1638347101047.jpg;1160;369;1217;374;1216;393;1159;386;@郭桂芝
1638347101047.jpg;1266;379;1304;383;1303;402;1264;398;@9.03
1638347101047.jpg;1371;391;1430;397;1428;416;1371;409;@130.75
1638347101047.jpg;1498;404;1555;410;1554;429;1496;423;@390416
1638347101047.jpg;1613;417;1672;423;1670;442;1612;436;@130.75
1638347101047.jpg;140;299;236;309;233;327;137;316;@托运人签字
1638347101047.jpg;274;313;331;318;328;337;272;331;@740.43
1638347101047.jpg;379;324;437;330;434;349;376;343;@张冬梅
1638347101047.jpg;474;334;522;339;520;358;472;353;@64.68
1638347101047.jpg;570;345;628;351;626;370;568;363;@程秀梅
1638347101047.jpg;685;357;724;361;721;379;683;375;@1.62
1638347101047.jpg;772;367;829;373;827;391;770;384;@154.32
1638347101047.jpg;877;377;916;381;914;400;875;396;@祁艳
1638347101047.jpg;964;386;1012;392;1010;411;962;405;@74.09
1638347101047.jpg;1060;397;1108;402;1107;421;1058;416;@27.06
1638347101047.jpg;1157;407;1204;413;1203;431;1155;426;@71.38
1638347101047.jpg;1253;418;1301;423;1300;442;1251;437;@64.68
1638347101047.jpg;1368;430;1417;436;1416;454;1367;449;@91.38
1638347101047.jpg;1495;444;1552;450;1551;469;1494;463;@金桂荣
1638347101047.jpg;1611;456;1669;463;1668;482;1610;475;@龙玉英
1638347101047.jpg;163;340;202;345;199;364;161;359;@欠付
1638347101047.jpg;268;352;326;358;323;376;265;371;@974115
1638347101047.jpg;384;364;421;369;420;387;381;382;@郭超
1638347101047.jpg;469;373;527;379;525;398;467;392;@918439
1638347101047.jpg;575;384;613;389;611;407;573;403;@李博
1638347101047.jpg;671;395;729;401;727;420;669;414;@147.97
1638347101047.jpg;768;405;825;412;823;430;766;424;@何淑华
1638347101047.jpg;873;417;912;421;910;440;871;436;@穆勇
1638347101047.jpg;979;428;998;430;996;449;977;447;@58
1638347101047.jpg;1056;437;1115;443;1113;462;1055;456;@191.68
1638347101047.jpg;1162;448;1201;452;1200;471;1161;467;@9.48
1638347101047.jpg;1260;459;1298;463;1297;482;1258;478;@7.81
1638347101047.jpg;1366;470;1414;475;1413;494;1364;489;@95.68
1638347101047.jpg;1491;484;1550;490;1549;509;1490;503;@烤乳猪
1638347101047.jpg;1618;497;1656;501;1655;520;1617;516;@3.17
1638347101047.jpg;158;379;196;383;194;402;155;398;@现付
1638347101047.jpg;263;391;311;396;309;415;260;410;@59.62
1638347101047.jpg;379;403;416;407;414;426;376;422;@38.2
1638347101047.jpg;465;413;513;418;511;437;462;432;@296.1
1638347101047.jpg;570;424;599;427;597;446;568;443;@4.5
1638347101047.jpg;667;435;725;441;723;460;664;454;@谢玉英
1638347101047.jpg;772;446;811;450;809;469;770;465;@3.17
1638347101047.jpg;860;456;917;462;915;481;858;474;@高秀梅
1638347101047.jpg;956;466;1004;471;1002;490;954;485;@32.36
1638347101047.jpg;1072;479;1091;481;1089;500;1071;497;@60
1638347101047.jpg;1159;488;1198;492;1196;511;1157;507;@王伟
1638347101047.jpg;1237;496;1314;505;1312;524;1235;515;@炒水蛇片
1638347101047.jpg;1353;509;1431;517;1430;536;1351;528;@香芋扣肉
1638347101047.jpg;1508;526;1528;528;1526;547;1507;544;@90
1638347101047.jpg;1616;537;1654;541;1653;560;1615;556;@0.83
1638347101047.jpg;124;416;219;426;216;445;121;435;@提货人签字
1638347101047.jpg;258;431;316;437;313;456;255;449;@449427
1638347101047.jpg;382;444;402;446;399;465;380;463;@53
1638347101047.jpg;469;454;508;458;506;477;467;472;@张成
1638347101047.jpg;556;463;614;469;612;488;553;482;@刘淑英
1638347101047.jpg;662;474;710;480;708;499;660;493;@86.47
1638347101047.jpg;768;486;807;490;805;509;766;505;@0.82
1638347101047.jpg;856;495;913;502;911;520;854;514;@392.71
1638347101047.jpg;952;506;1001;511;999;530;950;525;@170.4
1638347101047.jpg;1058;517;1097;521;1095;540;1056;536;@9.13
1638347101047.jpg;1146;527;1204;533;1203;552;1144;546;@574879
1638347101047.jpg;1242;537;1291;542;1290;561;1241;556;@47.37
1638347101047.jpg;1360;550;1418;556;1416;575;1358;569;@次日达
1638347101047.jpg;1486;563;1535;568;1534;587;1485;582;@82.51
1638347101047.jpg;1612;577;1652;581;1651;600;1611;596;@余平
1638347101047.jpg;136;458;194;464;192;483;135;477;@发件人
1638347101047.jpg;252;470;311;477;308;495;250;489;@655.86
1638347101047.jpg;368;483;406;487;404;506;365;502;@35.7
1638347101047.jpg;455;492;502;497;500;516;453;511;@46.36
1638347101047.jpg;551;503;609;509;607;528;549;522;@谢玉英
1638347101047.jpg;667;515;706;519;703;538;664;534;@贾梅
1638347101047.jpg;754;525;803;530;801;549;752;544;@57.73
1638347101047.jpg;851;535;909;541;907;560;849;554;@130.36
1638347101047.jpg;958;547;997;551;995;570;956;565;@9.03
1638347101047.jpg;1045;556;1103;562;1102;581;1043;575;@954796
1638347101047.jpg;1142;566;1200;573;1199;592;1141;585;@404728
1638347101047.jpg;1239;577;1298;583;1297;602;1238;596;@吴玉梅
1638347101047.jpg;1375;592;1395;594;1394;613;1374;610;@39
1638347101047.jpg;1483;603;1532;608;1531;627;1482;622;@54.69
1638347101047.jpg;1610;617;1649;621;1648;641;1609;636;@方林
1638347101047.jpg;112;495;208;506;206;525;109;514;@提货人签字
1638347101047.jpg;257;511;295;515;292;534;254;530;@李磊
1638347101047.jpg;353;522;411;528;409;547;350;540;@黎海燕
1638347101047.jpg;449;532;498;537;495;556;448;551;@94.85
1638347101047.jpg;546;542;605;549;603;568;544;561;@东坡肉
1638347101047.jpg;653;554;711;560;709;579;650;573;@白灼虾
1638347101047.jpg;750;564;808;571;806;590;748;583;@652.45
1638347101047.jpg;856;576;895;580;894;599;854;595;@0.87
1638347101047.jpg;954;586;992;591;990;609;952;605;@70.8
1638347101047.jpg;1051;597;1090;601;1088;620;1049;616;@马静
1638347101047.jpg;1149;607;1187;611;1185;630;1147;626;@47.0
1638347101047.jpg;1236;617;1295;623;1293;643;1235;636;@188.15
1638347101047.jpg;1353;629;1412;636;1410;655;1351;649;@焖大鳝
1638347101047.jpg;1481;644;1539;650;1537;669;1479;663;@242.85
1638347101047.jpg;1598;656;1657;663;1656;682;1597;675;@侯秀云
1638347101047.jpg;116;536;193;545;191;564;113;555;@收件地址
1638347101047.jpg;241;550;299;556;297;575;238;569;@657.38
1638347101047.jpg;348;561;397;567;394;585;345;580;@56.34
1638347101047.jpg;444;572;503;578;500;597;442;591;@农小红
1638347101047.jpg;561;584;581;586;579;605;559;603;@74
1638347101047.jpg;648;594;697;599;695;618;646;613;@98.77
1638347101047.jpg;746;604;803;610;801;629;744;623;@方红梅
1638347101047.jpg;852;616;892;620;890;640;850;635;@郭倩
1638347101047.jpg;941;625;998;631;996;651;939;645;@102.32
1638347101047.jpg;1038;636;1096;643;1095;662;1036;655;@771382
1638347101047.jpg;1135;647;1194;653;1192;672;1133;666;@葛淑兰
1638347101047.jpg;1243;659;1282;663;1281;682;1241;677;@0.84
1638347101047.jpg;1350;670;1409;676;1408;695;1348;689;@黎海燕
1638347101047.jpg;1487;685;1526;689;1525;709;1486;705;@23.6
1638347101047.jpg;1595;696;1655;703;1653;722;1594;716;@474.03
1638347101047.jpg;110;576;188;584;185;603;107;595;@审核时间
1638347101047.jpg;236;590;294;596;292;615;233;609;@655.86
1638347101047.jpg;343;601;400;607;398;626;340;620;@段秀芳
1638347101047.jpg;439;612;498;618;496;637;437;630;@东坡肉
1638347101047.jpg;547;623;585;627;583;647;545;643;@0.91
1638347101047.jpg;644;634;702;641;700;660;641;653;@双皮奶
1638347101047.jpg;741;645;799;651;797;670;738;664;@642147
1638347101047.jpg;848;656;888;661;886;680;846;675;@程萍
1638347101047.jpg;936;666;985;671;983;690;934;685;@49.81
1638347101047.jpg;1034;676;1092;683;1090;703;1032;695;@104.29
1638347101047.jpg;1141;688;1181;692;1179;712;1139;708;@0.85
1638347101047.jpg;1240;699;1278;703;1276;722;1238;718;@79.7
1638347101047.jpg;1347;711;1406;717;1405;736;1346;730;@龙玉英
1638347101047.jpg;1474;724;1534;731;1532;751;1473;744;@140.08
1638347101047.jpg;1583;736;1661;745;1660;764;1582;756;@北京烤鸭
1638347101047.jpg;124;618;162;622;160;642;121;637;@折扣
1638347101047.jpg;240;630;279;635;277;655;237;650;@梁磊
1638347101047.jpg;356;644;376;646;373;665;354;663;@77
1638347101047.jpg;435;652;493;659;491;678;432;671;@1470.6
1638347101047.jpg;531;663;590;669;588;688;529;682;@350.52
1638347101047.jpg;639;674;697;681;695;700;637;693;@王桂芳
1638347101047.jpg;736;685;785;690;783;710;734;705;@102.3
1638347101047.jpg;835;695;893;702;891;721;833;715;@120.86
1638347101047.jpg;952;709;971;711;969;730;950;728;@62
1638347101047.jpg;1030;717;1088;723;1087;742;1028;736;@冯玉梅
1638347101047.jpg;1128;728;1187;734;1185;754;1126;747;@142848
1638347101047.jpg;1235;739;1275;744;1273;763;1234;759;@朱文
1638347101047.jpg;1344;752;1403;758;1402;777;1343;770;@王丽娟
1638347101047.jpg;1472;765;1531;771;1530;791;1470;785;@129.65
1638347101047.jpg;1599;779;1639;784;1638;803;1598;799;@段洁
1638347101047.jpg;109;658;166;664;164;683;106;677;@发件人
1638347101047.jpg;225;670;274;675;271;694;222;689;@114.7
1638347101047.jpg;322;681;400;689;398;709;319;701;@黄埔炒蛋
1638347101047.jpg;439;693;478;697;476;717;437;713;@80.2
1638347101047.jpg;527;704;586;710;583;729;524;722;@144.19
1638347101047.jpg;645;716;683;720;681;739;642;735;@7.17
1638347101047.jpg;732;726;781;731;779;751;730;745;@91.15
1638347101047.jpg;830;736;879;741;877;761;828;756;@143.9
1638347101047.jpg;938;748;977;753;975;772;936;767;@40.5
1638347101047.jpg;1036;759;1075;763;1073;783;1034;778;@31.8
1638347101047.jpg;1124;768;1184;775;1182;795;1123;788;@449.72
1638347101047.jpg;1232;781;1272;785;1270;804;1231;800;@6.28
1638347101047.jpg;1341;792;1400;799;1398;819;1340;811;@515.81
1638347101047.jpg;1469;806;1528;812;1527;832;1468;826;@林秀梅
1638347101047.jpg;1607;822;1627;824;1626;844;1606;840;@54
1638347101047.jpg;92;696;171;706;168;725;90;716;@支付方式
1638347101047.jpg;220;711;277;717;275;736;217;730;@陆秀兰
1638347101047.jpg;327;722;376;728;373;748;324;741;@55.33
1638347101047.jpg;425;733;483;739;480;759;422;753;@557939
1638347101047.jpg;522;744;571;750;569;768;520;763;@65.24
1638347101047.jpg;629;756;688;762;686;782;627;775;@121.26
1638347101047.jpg;728;766;787;773;785;792;726;786;@李秀梅
1638347101047.jpg;825;777;885;784;883;803;823;797;@王桂芳
1638347101047.jpg;934;789;964;792;962;811;932;808;@0.8
1638347101047.jpg;1042;801;1062;803;1060;823;1040;821;@42
1638347101047.jpg;1131;810;1169;815;1168;834;1129;830;@李磊
1638347101047.jpg;1219;821;1279;827;1277;847;1217;839;@李淑兰
1638347101047.jpg;1337;833;1397;839;1395;859;1337;853;@886230
1638347101047.jpg;1486;850;1506;852;1505;872;1485;869;@88
1638347101047.jpg;1585;860;1644;867;1643;886;1583;880;@游建国
1638347101047.jpg;87;562;1678;735;1675;777;82;603;cell@
1638347101047.jpg;82;602;1675;776;1673;819;76;644;cell@
1638347101047.jpg;149;132;1704;297;1702;337;144;172;cell@
1638347101047.jpg;139;208;1700;375;1697;416;133;248;cell@
1638347101047.jpg;116;365;1690;534;1688;575;110;404;cell@
1638347101047.jpg;76;643;1673;818;1671;859;70;684;cell@
1638347101047.jpg;155;94;1707;259;1704;298;149;133;cell@
1638347101047.jpg;99;483;1683;654;1680;695;93;524;cell@
1638347101047.jpg;110;403;1688;574;1685;615;105;444;cell@
1638347101047.jpg;144;171;1702;336;1700;376;139;209;cell@
1638347101047.jpg;133;247;1697;415;1695;456;127;287;cell@
1638347101047.jpg;128;286;1695;455;1692;495;121;326;cell@
1638347101047.jpg;105;443;1685;614;1683;655;99;484;cell@
1638347101047.jpg;93;523;1681;694;1678;736;87;563;cell@
1638347101047.jpg;70;683;1671;858;1668;901;64;725;cell@
1638347101047.jpg;121;325;1692;494;1690;535;116;366;cell@
1638347101047.jpg;155;94;1707;259;1668;901;64;725;table@1
