1638347096338.jpg;176;109;213;114;209;133;173;127;@审核
1638347096338.jpg;287;125;343;133;340;151;284;143;@131.21
1638347096338.jpg;408;142;436;146;433;164;405;160;@1.0
1638347096338.jpg;492;155;548;162;546;181;489;172;@何淑华
1638347096338.jpg;595;169;633;174;630;192;592;187;@方林
1638347096338.jpg;689;182;745;190;743;209;686;201;@吴秀芳
1638347096338.jpg;802;199;839;204;837;222;799;216;@邢莹
1638347096338.jpg;896;212;933;217;932;236;894;230;@徐帆
1638347096338.jpg;981;224;1037;232;1036;250;979;243;@辣子鸡
1638347096338.jpg;1105;242;1124;245;1122;263;1102;260;@65
1638347096338.jpg;1190;254;1237;261;1236;279;1188;272;@17.56
1638347096338.jpg;154;125;228;135;225;154;150;143;@提货方式
1638347096338.jpg;266;141;359;155;355;173;262;159;@清蒸武昌鱼
1638347096338.jpg;395;160;452;168;449;186;393;178;@777.42
1638347096338.jpg;489;173;536;180;533;198;487;191;@59.13
1638347096338.jpg;583;186;630;193;627;212;580;205;@84.72
1638347096338.jpg;695;203;733;209;731;226;693;221;@38.2
1638347096338.jpg;790;216;837;223;835;242;788;235;@13.68
1638347096338.jpg;884;230;932;237;929;255;883;249;@96.96
1638347096338.jpg;979;244;1036;251;1034;270;977;262;@405367
1638347096338.jpg;1083;258;1141;266;1139;285;1081;277;@周桂珍
1638347096338.jpg;1188;273;1236;280;1234;299;1186;292;@48.62
1638347096338.jpg;150;144;224;155;222;173;147;162;@提货方式
1638347096338.jpg;281;163;327;170;324;187;277;181;@74.09
1638347096338.jpg;402;181;439;185;436;204;399;199;@87.9
1638347096338.jpg;495;194;533;199;530;217;493;212;@王璐
1638347096338.jpg;580;206;636;214;634;232;577;224;@林秀梅
1638347096338.jpg;683;220;731;227;728;246;681;239;@37.36
1638347096338.jpg;777;234;854;246;851;263;776;252;@炒水蛇片
1638347096338.jpg;882;250;939;257;937;276;880;268;@吴建华
1638347096338.jpg;976;263;1034;271;1032;290;975;281;@冯桂英
1638347096338.jpg;1081;278;1139;286;1137;305;1080;297;@874168
1638347096338.jpg;1186;293;1235;300;1233;318;1185;311;@50.22
1638347096338.jpg;165;166;203;171;199;189;162;184;@审核
1638347096338.jpg;277;182;333;190;330;209;274;200;@933677
1638347096338.jpg;399;200;436;205;434;223;396;217;@穆勇
1638347096338.jpg;493;212;530;218;528;237;490;231;@85.5
1638347096338.jpg;587;226;624;232;622;250;584;245;@张欣
1638347096338.jpg;691;242;728;247;726;265;688;259;@11.7
1638347096338.jpg;794;256;832;262;830;280;792;275;@31.3
1638347096338.jpg;890;270;927;275;925;294;887;289;@常涛
1638347096338.jpg;975;282;1032;291;1030;310;973;301;@854702
1638347096338.jpg;1089;299;1118;303;1117;321;1088;317;@4.5
1638347096338.jpg;1185;312;1242;320;1241;339;1183;331;@王建平
1638347096338.jpg;161;185;199;190;195;209;159;203;@单价
1638347096338.jpg;274;201;329;210;327;227;270;219;@孙春梅
1638347096338.jpg;386;217;442;225;440;244;383;236;@王婷婷
1638347096338.jpg;480;231;536;239;534;257;477;250;@114.88
1638347096338.jpg;574;245;621;251;619;270;571;263;@98.77
1638347096338.jpg;678;259;725;266;723;285;675;278;@75.18
1638347096338.jpg;783;274;839;283;838;302;780;293;@黄金凤
1638347096338.jpg;887;290;925;295;923;313;885;309;@6.25
1638347096338.jpg;982;304;1020;309;1019;327;980;321;@0.98
1638347096338.jpg;1078;317;1125;323;1124;342;1076;335;@237.5
1638347096338.jpg;1193;333;1231;339;1230;358;1191;352;@陈瑜
1638347096338.jpg;149;203;205;211;201;229;145;221;@审核人
1638347096338.jpg;270;220;327;228;323;247;267;239;@153.78
1638347096338.jpg;392;238;430;244;427;262;389;256;@7.81
1638347096338.jpg;487;251;525;257;521;275;483;270;@5.45
1638347096338.jpg;571;264;629;272;626;291;569;282;@赵玉兰
1638347096338.jpg;675;279;733;287;730;306;673;298;@364.52
1638347096338.jpg;780;294;828;301;825;319;777;312;@15.97
1638347096338.jpg;875;308;932;315;930;334;873;326;@张冬梅
1638347096338.jpg;970;321;1027;329;1026;348;968;340;@马凤英
1638347096338.jpg;1076;336;1133;345;1132;363;1074;355;@175.51
1638347096338.jpg;1181;352;1239;360;1238;379;1179;370;@820534
1638347096338.jpg;136;220;211;231;207;250;132;239;@审核时间
1638347096338.jpg;276;241;314;247;310;265;273;259;@刘帅
1638347096338.jpg;389;257;427;262;424;281;387;276;@唐婷
1638347096338.jpg;493;272;512;275;509;294;491;291;@58
1638347096338.jpg;578;285;616;290;613;309;576;304;@朱东
1638347096338.jpg;682;300;721;306;718;323;680;318;@6.25
1638347096338.jpg;787;314;825;320;823;339;784;333;@赵俊
1638347096338.jpg;873;327;930;335;928;354;871;346;@934690
1638347096338.jpg;968;341;1017;348;1014;367;967;360;@36.83
1638347096338.jpg;1064;355;1142;366;1140;385;1063;374;@北京烤鸭
1638347096338.jpg;1179;371;1228;378;1226;397;1178;390;@95.93
1638347096338.jpg;132;240;207;250;204;269;128;258;@提货方式
1638347096338.jpg;264;259;320;267;316;286;260;277;@174.68
1638347096338.jpg;377;275;424;282;420;301;374;294;@97.57
1638347096338.jpg;471;289;518;296;515;314;468;308;@17.45
1638347096338.jpg;566;303;623;311;620;329;563;321;@135820
1638347096338.jpg;679;319;718;324;715;343;677;338;@2.46
1638347096338.jpg;775;333;832;341;830;360;773;352;@张桂芝
1638347096338.jpg;870;347;918;354;916;372;868;366;@13.68
1638347096338.jpg;967;361;1024;369;1022;388;964;379;@945001
1638347096338.jpg;1072;376;1120;383;1118;402;1070;395;@43.77
1638347096338.jpg;1187;393;1226;398;1224;417;1186;411;@6.28
1638347096338.jpg;119;258;213;271;210;290;116;276;@提货人签字
1638347096338.jpg;260;278;307;285;304;304;257;297;@109.8
1638347096338.jpg;364;294;439;305;436;323;361;312;@东安子鸡
1638347096338.jpg;468;309;525;316;522;335;465;327;@191.68
1638347096338.jpg;563;322;620;330;618;349;560;341;@179644
1638347096338.jpg;668;337;725;346;723;364;665;356;@邵桂芳
1638347096338.jpg;782;354;820;360;818;378;780;373;@杨明
1638347096338.jpg;869;367;926;375;923;394;866;385;@烤乳猪
1638347096338.jpg;964;380;1022;389;1019;408;962;399;@炒水蛇
1638347096338.jpg;1070;396;1128;404;1126;424;1068;415;@何淑华
1638347096338.jpg;1177;411;1234;420;1232;439;1175;431;@400.25
1638347096338.jpg;134;280;191;289;187;307;131;299;@审核人
1638347096338.jpg;266;300;304;305;301;323;262;317;@1.62
1638347096338.jpg;370;314;417;321;415;340;367;333;@69.19
1638347096338.jpg;465;328;513;335;510;354;462;347;@70.43
1638347096338.jpg;560;342;617;350;615;369;557;361;@225600
1638347096338.jpg;665;357;722;365;720;384;662;376;@李红梅
1638347096338.jpg;770;372;827;381;826;400;767;391;@657.38
1638347096338.jpg;866;386;923;395;922;413;863;405;@326.52
1638347096338.jpg;962;400;1019;409;1018;428;960;420;@297.02
1638347096338.jpg;1078;417;1116;424;1115;442;1076;437;@90.6
1638347096338.jpg;1165;430;1242;442;1240;460;1163;449;@顶骨大鳝
1638347096338.jpg;121;299;197;310;193;328;117;316;@发件信息
1638347096338.jpg;253;317;310;325;307;344;250;336;@李小红
1638347096338.jpg;367;334;424;342;421;361;364;353;@808.37
1638347096338.jpg;481;350;500;353;497;372;478;369;@57
1638347096338.jpg;566;363;605;369;602;387;564;382;@张成
1638347096338.jpg;662;377;710;384;707;403;660;396;@240.9
1638347096338.jpg;767;392;826;401;823;420;765;411;@许桂珍
1638347096338.jpg;873;408;912;413;910;433;871;427;@9.13
1638347096338.jpg;950;420;1027;431;1026;450;949;438;@西湖醋鱼
1638347096338.jpg;1066;436;1125;445;1123;464;1064;455;@吴玉梅
1638347096338.jpg;1182;453;1222;459;1220;477;1180;472;@31.3
1638347096338.jpg;127;319;183;327;180;346;123;338;@发件人
1638347096338.jpg;250;337;307;345;303;364;246;356;@329.88
1638347096338.jpg;363;354;421;362;417;381;361;372;@黎海燕
1638347096338.jpg;458;367;516;376;513;395;456;386;@654.41
1638347096338.jpg;545;380;621;391;618;410;542;399;@无为熏鸭
1638347096338.jpg;659;397;717;405;714;425;657;416;@廖婷婷
1638347096338.jpg;765;412;813;420;811;439;763;432;@154.0
1638347096338.jpg;861;427;910;434;907;453;859;446;@75.22
1638347096338.jpg;948;439;1026;451;1023;469;946;458;@炒水蛇片
1638347096338.jpg;1083;459;1103;462;1101;482;1081;478;@88
1638347096338.jpg;1171;471;1230;480;1228;500;1170;491;@李建军
1638347096338.jpg;113;337;189;348;186;367;111;356;@发件信息
1638347096338.jpg;246;357;293;364;291;382;243;375;@51.65
1638347096338.jpg;361;373;417;382;414;401;357;392;@739.71
1638347096338.jpg;456;387;503;394;501;413;453;406;@50.04
1638347096338.jpg;552;401;599;408;597;428;548;421;@377.2
1638347096338.jpg;647;415;724;427;721;446;644;435;@西湖醋鱼
1638347096338.jpg;763;433;820;441;818;460;760;452;@923.46
1638347096338.jpg;859;447;917;455;914;474;857;466;@136.62
1638347096338.jpg;956;461;1004;468;1002;487;954;479;@61.12
1638347096338.jpg;1063;476;1121;485;1118;504;1060;496;@388183
1638347096338.jpg;1179;494;1218;499;1216;518;1178;512;@鲁阳
1638347096338.jpg;129;360;167;365;163;384;126;379;@折扣
1638347096338.jpg;243;376;291;383;287;402;239;395;@68.58
1638347096338.jpg;357;393;404;400;402;420;354;412;@143.9
1638347096338.jpg;462;408;500;414;498;434;459;428;@95.8
1638347096338.jpg;558;423;596;429;594;448;555;442;@唐婷
1638347096338.jpg;664;439;702;444;700;463;661;458;@9.13
1638347096338.jpg;770;454;808;460;806;478;767;473;@杜娜
1638347096338.jpg;866;468;905;474;903;493;864;488;@0.95
1638347096338.jpg;954;480;1011;490;1010;509;951;500;@350.52
1638347096338.jpg;1060;497;1118;505;1117;525;1058;516;@祝桂珍
1638347096338.jpg;1168;512;1216;519;1215;539;1166;532;@55.33
1638347096338.jpg;115;378;173;387;169;405;112;397;@收件人
1638347096338.jpg;239;396;297;405;293;424;236;415;@157.47
1638347096338.jpg;363;414;402;421;399;440;360;434;@徐勇
1638347096338.jpg;449;428;498;435;494;454;446;447;@57.35
1638347096338.jpg;545;442;594;449;591;468;542;461;@49.81
1638347096338.jpg;651;457;709;465;707;485;648;476;@烤乳猪
1638347096338.jpg;757;472;815;482;813;501;755;492;@方建军
1638347096338.jpg;854;487;903;494;901;513;852;506;@34.57
1638347096338.jpg;951;501;1009;510;1008;529;949;521;@954600
1638347096338.jpg;1068;518;1107;525;1105;543;1066;538;@66.9
1638347096338.jpg;1166;533;1224;541;1223;561;1164;553;@152577
1638347096338.jpg;102;397;178;408;175;428;99;415;@货运协议
1638347096338.jpg;235;416;293;425;290;444;232;436;@802.62
1638347096338.jpg;350;434;408;442;405;461;348;453;@974115
1638347096338.jpg;446;448;504;456;501;475;444;467;@龙虎斗
1638347096338.jpg;552;463;591;469;588;488;550;483;@95.8
1638347096338.jpg;658;478;697;485;694;504;656;498;@魏帅
1638347096338.jpg;755;493;813;502;811;521;753;512;@583.65
1638347096338.jpg;852;507;910;516;908;535;850;527;@盛桂芝
1638347096338.jpg;949;522;1008;530;1005;549;947;541;@214.65
1638347096338.jpg;1056;537;1115;546;1113;566;1055;557;@黄桂芝
1638347096338.jpg;1183;556;1203;559;1201;579;1181;575;@85
1638347096338.jpg;99;416;175;429;172;447;95;436;@支付方式
1638347096338.jpg;232;437;280;444;277;463;229;456;@91.38
1638347096338.jpg;356;455;395;461;392;479;354;474;@陈畅
1638347096338.jpg;444;468;501;476;498;496;440;487;@桂秀梅
1638347096338.jpg;540;482;588;489;585;508;537;501;@68.58
1638347096338.jpg;636;496;714;507;711;527;633;515;@东安子鸡
1638347096338.jpg;752;513;811;522;808;541;750;533;@雷秀华
1638347096338.jpg;849;528;898;535;896;555;847;547;@49.19
1638347096338.jpg;946;542;1005;550;1003;570;945;562;@东坡肉
1638347096338.jpg;1054;558;1113;567;1111;586;1053;577;@蔺淑珍
1638347096338.jpg;1152;572;1231;584;1229;604;1151;592;@顶骨大鳝
1638347096338.jpg;136;93;1273;255;1244;617;69;444;cell@
1638347096338.jpg;136;93;1273;255;1244;617;69;444;table@1
