1638346997527.jpg;174;108;249;119;245;138;171;127;@发件地址
1638346997527.jpg;285;129;333;135;329;150;283;142;@49.23
1638346997527.jpg;370;142;425;151;423;165;367;156;@397.39
1638346997527.jpg;463;154;501;160;498;179;460;173;@罗勇
1638346997527.jpg;548;170;594;178;592;192;546;184;@240.6
1638346997527.jpg;642;185;689;193;687;208;639;200;@50.22
1638346997527.jpg;745;202;783;208;780;222;743;216;@25.3
1638346997527.jpg;830;215;878;223;875;238;828;230;@541.3
1638346997527.jpg;925;228;963;234;960;253;922;248;@侯玉
1638346997527.jpg;1000;241;1076;252;1074;272;998;259;@炒水鱼丝
1638346997527.jpg;1123;263;1172;271;1169;285;1122;278;@90.03
1638346997527.jpg;1248;280;1286;286;1284;305;1245;299;@马军
1638346997527.jpg;1343;296;1381;301;1379;321;1341;315;@张龙
1638346997527.jpg;1439;310;1477;317;1475;336;1437;330;@陈建
1638346997527.jpg;189;130;226;135;223;155;186;148;@现付
1638346997527.jpg;292;146;329;152;326;171;288;165;@叶鑫
1638346997527.jpg;376;159;414;165;410;184;372;179;@吕梅
1638346997527.jpg;451;174;497;182;495;196;448;188;@34.02
1638346997527.jpg;545;189;601;199;599;213;541;204;@146.44
1638346997527.jpg;638;205;686;213;684;226;636;219;@104.2
1638346997527.jpg;724;215;799;227;796;247;721;235;@无为熏鸭
1638346997527.jpg;827;235;874;243;872;257;825;250;@32.43
1638346997527.jpg;922;251;959;256;958;271;919;265;@6.25
1638346997527.jpg;1007;261;1064;270;1062;290;1005;281;@王建平
1638346997527.jpg;1121;283;1178;292;1176;306;1119;297;@529.34
1638346997527.jpg;1246;302;1283;308;1282;323;1243;317;@55.2
1638346997527.jpg;1332;316;1389;325;1387;340;1329;331;@977841
1638346997527.jpg;1436;333;1475;339;1473;354;1435;348;@11.7
1638346997527.jpg;167;145;242;157;238;177;163;164;@提货方式
1638346997527.jpg;288;168;325;174;322;188;285;182;@47.0
1638346997527.jpg;363;180;419;189;416;203;360;194;@886230
1638346997527.jpg;447;193;494;201;492;215;444;208;@91.15
1638346997527.jpg;541;209;598;217;595;232;538;223;@903381
1638346997527.jpg;636;221;692;230;689;250;633;240;@陈秀兰
1638346997527.jpg;749;242;768;245;765;259;747;256;@46
1638346997527.jpg;824;254;871;262;869;276;822;269;@64.44
1638346997527.jpg;919;269;957;276;955;291;916;284;@1.36
1638346997527.jpg;1005;284;1052;291;1050;305;1002;298;@37.93
1638346997527.jpg;1128;303;1166;309;1164;324;1127;318;@7.17
1638346997527.jpg;1234;320;1291;329;1289;344;1231;335;@605368
1638346997527.jpg;1329;336;1377;344;1375;358;1327;351;@12.85
1638346997527.jpg;1425;351;1482;361;1481;376;1423;366;@419.82
1638346997527.jpg;173;166;228;175;225;194;169;184;@发件人
1638346997527.jpg;284;186;321;193;319;207;281;201;@0.84
1638346997527.jpg;369;200;406;207;403;221;365;215;@0.97
1638346997527.jpg;444;213;490;220;488;235;441;227;@612.8
1638346997527.jpg;529;223;604;236;601;254;525;243;@乐从鱼腐
1638346997527.jpg;641;245;680;251;677;265;639;259;@0.86
1638346997527.jpg;726;258;773;266;771;281;724;273;@59.69
1638346997527.jpg;821;274;878;283;876;298;819;288;@166253
1638346997527.jpg;907;285;964;294;961;313;904;303;@王建军
1638346997527.jpg;1002;299;1059;309;1057;327;1000;318;@包凤兰
1638346997527.jpg;1116;321;1164;329;1162;344;1115;336;@202.8
1638346997527.jpg;1250;343;1269;346;1268;361;1248;358;@77
1638346997527.jpg;1326;355;1375;363;1373;378;1325;370;@123.6
1638346997527.jpg;1423;371;1480;381;1479;394;1421;386;@141.24
1638346997527.jpg;169;184;225;194;221;214;164;204;@收件人
1638346997527.jpg;271;205;327;214;325;228;268;218;@137.54
1638346997527.jpg;356;215;412;224;409;244;352;234;@黎海燕
1638346997527.jpg;441;230;497;239;494;257;437;249;@王丽娟
1638346997527.jpg;534;247;591;256;588;271;532;261;@245.08
1638346997527.jpg;638;264;676;270;673;285;636;278;@5.45
1638346997527.jpg;733;279;771;286;769;299;730;294;@97.5
1638346997527.jpg;819;293;875;302;873;317;816;307;@110.81
1638346997527.jpg;904;306;961;316;958;331;901;321;@156.28
1638346997527.jpg;999;322;1057;331;1054;346;997;337;@153.71
1638346997527.jpg;1114;338;1172;347;1168;367;1111;358;@蔺淑珍
1638346997527.jpg;1239;358;1277;364;1274;384;1236;378;@郑莉
1638346997527.jpg;1334;377;1373;383;1371;397;1333;391;@85.5
1638346997527.jpg;1440;393;1459;396;1457;411;1438;408;@87
1638346997527.jpg;156;203;231;215;226;234;151;221;@发件地址
1638346997527.jpg;268;223;314;231;312;246;264;238;@82.51
1638346997527.jpg;352;234;409;244;405;263;349;253;@邵桂芳
1638346997527.jpg;436;252;484;258;481;273;434;265;@72.24
1638346997527.jpg;531;266;587;276;585;290;529;281;@102.46
1638346997527.jpg;635;283;672;290;670;303;633;298;@81.9
1638346997527.jpg;730;296;769;301;765;321;727;315;@喻玲
1638346997527.jpg;816;309;873;319;870;338;813;329;@炖水鱼
1638346997527.jpg;910;328;949;334;946;349;908;343;@0.93
1638346997527.jpg;1007;340;1044;347;1042;366;1003;360;@马军
1638346997527.jpg;1111;358;1168;367;1166;387;1109;377;@辣子鸡
1638346997527.jpg;1226;379;1274;387;1272;401;1224;393;@26.52
1638346997527.jpg;1342;397;1361;400;1359;415;1339;412;@75
1638346997527.jpg;1419;410;1466;417;1465;432;1416;424;@68.48
1638346997527.jpg;161;223;218;232;213;252;157;243;@发件人
1638346997527.jpg;264;243;311;251;308;265;261;257;@40.76
1638346997527.jpg;348;256;405;266;402;280;345;271;@123.55
1638346997527.jpg;434;267;490;277;487;296;430;287;@盛桂芝
1638346997527.jpg;537;287;574;294;572;308;535;301;@0.82
1638346997527.jpg;622;301;679;310;677;325;620;315;@583.65
1638346997527.jpg;718;313;774;323;771;342;715;333;@陈桂珍
1638346997527.jpg;813;329;870;338;867;358;810;349;@甄桂珍
1638346997527.jpg;898;346;946;354;943;369;896;361;@67.95
1638346997527.jpg;1003;363;1041;369;1039;384;1001;378;@0.96
1638346997527.jpg;1109;380;1156;387;1155;402;1106;394;@16.77
1638346997527.jpg;1233;400;1262;404;1260;419;1232;414;@0.8
1638346997527.jpg;1330;412;1369;419;1366;438;1327;432;@薛想
1638346997527.jpg;1407;425;1484;437;1482;457;1405;445;@均安蒸猪
1638346997527.jpg;138;240;232;254;228;273;135;257;@托运人签字
1638346997527.jpg;260;259;317;268;313;288;257;279;@许桂珍
1638346997527.jpg;354;278;392;284;389;299;352;292;@97.5
1638346997527.jpg;429;290;477;298;474;312;427;304;@98.88
1638346997527.jpg;524;305;581;314;579;329;522;319;@998459
1638346997527.jpg;619;317;676;327;673;346;616;337;@方建军
1638346997527.jpg;714;336;762;344;760;359;712;351;@91.38
1638346997527.jpg;828;355;848;358;845;373;826;370;@90
1638346997527.jpg;895;366;943;373;941;387;893;380;@16.77
1638346997527.jpg;1000;380;1039;386;1037;405;998;399;@徐帆
1638346997527.jpg;1105;399;1164;408;1161;423;1104;414;@287.85
1638346997527.jpg;1231;419;1269;426;1267;440;1228;434;@6.47
1638346997527.jpg;1328;435;1366;441;1364;456;1325;450;@0.88
1638346997527.jpg;1424;448;1462;454;1460;475;1422;469;@李琴
1638346997527.jpg;163;263;200;269;197;288;159;282;@备注
1638346997527.jpg;257;279;313;288;310;307;253;298;@林丽丽
1638346997527.jpg;350;297;389;303;385;317;348;311;@11.3
1638346997527.jpg;426;309;473;317;471;331;424;324;@14.92
1638346997527.jpg;521;324;578;334;575;349;518;339;@482.23
1638346997527.jpg;616;337;673;346;670;366;613;357;@刘秀梅
1638346997527.jpg;711;356;768;365;766;380;709;371;@126.43
1638346997527.jpg;807;368;864;378;861;397;803;387;@冯桂英
1638346997527.jpg;892;382;950;391;948;411;889;401;@张秀珍
1638346997527.jpg;988;400;1046;409;1044;424;986;415;@483641
1638346997527.jpg;1114;417;1152;424;1149;442;1111;436;@刘凯
1638346997527.jpg;1229;439;1267;445;1265;461;1226;454;@3.17
1638346997527.jpg;1325;452;1363;459;1361;479;1323;473;@牛伟
1638346997527.jpg;1412;470;1461;478;1458;493;1410;485;@202.8
1638346997527.jpg;159;283;196;289;192;308;155;302;@提付
1638346997527.jpg;252;300;300;308;297;323;250;315;@49.23
1638346997527.jpg;347;316;384;322;382;337;344;331;@1.62
1638346997527.jpg;432;330;470;336;467;351;429;345;@7.42
1638346997527.jpg;536;347;555;350;553;365;534;362;@43
1638346997527.jpg;622;361;660;368;658;382;620;376;@95.8
1638346997527.jpg;708;375;765;385;763;399;705;389;@243.37
1638346997527.jpg;803;387;861;397;859;416;800;407;@张秀珍
1638346997527.jpg;899;403;938;409;935;428;896;422;@刘磊
1638346997527.jpg;986;417;1043;426;1040;446;983;437;@葛淑兰
1638346997527.jpg;1082;433;1178;448;1176;469;1079;452;@五彩炒蛇丝
1638346997527.jpg;1216;454;1274;465;1272;485;1214;475;@赵玉英
1638346997527.jpg;1323;473;1361;479;1359;499;1321;492;@赵俊
1638346997527.jpg;1420;488;1458;495;1456;514;1417;508;@王晶
1638346997527.jpg;136;299;211;311;208;331;132;318;@发件信息
1638346997527.jpg;249;320;305;330;303;344;246;335;@232637
1638346997527.jpg;343;336;381;342;378;357;340;351;@11.3
1638346997527.jpg;429;347;467;353;464;373;425;367;@王英
1638346997527.jpg;514;364;562;372;559;387;511;379;@53.27
1638346997527.jpg;619;381;657;387;654;401;616;395;@31.8
1638346997527.jpg;704;394;752;402;750;417;702;409;@27.88
1638346997527.jpg;800;410;858;419;856;434;798;425;@196.72
1638346997527.jpg;887;421;944;430;941;450;884;441;@次日达
1638346997527.jpg;983;437;1040;446;1038;467;980;456;@吕玉梅
1638346997527.jpg;1098;459;1156;469;1154;484;1096;474;@890004
1638346997527.jpg;1224;477;1262;483;1260;503;1222;496;@李璐
1638346997527.jpg;1310;494;1369;503;1367;518;1309;509;@169.33
1638346997527.jpg;1407;509;1465;519;1464;534;1406;524;@933677
1638346997527.jpg;132;318;208;331;204;350;128;338;@大写金额
1638346997527.jpg;245;337;303;346;298;366;241;357;@吴玉梅
1638346997527.jpg;330;354;387;363;385;378;327;369;@181.06
1638346997527.jpg;416;365;473;374;469;393;412;385;@谢秀英
1638346997527.jpg;520;385;558;391;555;405;518;399;@0.94
1638346997527.jpg;606;398;663;408;661;423;604;413;@122.54
1638346997527.jpg;711;416;749;422;747;437;709;430;@9.48
1638346997527.jpg;807;431;845;437;843;452;804;446;@85.5
1638346997527.jpg;884;444;941;453;940;469;881;460;@785.36
1638346997527.jpg;979;460;1028;468;1025;483;978;475;@54.27
1638346997527.jpg;1087;475;1164;487;1160;507;1083;494;@无为熏鸭
1638346997527.jpg;1212;495;1270;504;1267;524;1209;515;@黄红霞
1638346997527.jpg;1319;512;1357;518;1355;538;1316;532;@林丹
1638346997527.jpg;1405;529;1454;537;1452;553;1404;544;@53.27
1638346997527.jpg;146;341;185;347;181;367;143;361;@货物
1638346997527.jpg;251;361;288;367;286;382;247;376;@81.9
1638346997527.jpg;327;374;383;383;381;397;323;388;@888766
1638346997527.jpg;412;385;469;393;466;413;409;404;@叶冬梅
1638346997527.jpg;507;402;565;412;562;427;505;417;@874.37
1638346997527.jpg;604;415;661;424;658;444;599;435;@杨红梅
1638346997527.jpg;708;435;746;442;744;456;705;450;@0.83
1638346997527.jpg;795;446;852;456;849;477;792;467;@张丽丽
1638346997527.jpg;881;461;939;471;936;491;878;481;@李桂芳
1638346997527.jpg;977;480;1035;489;1033;504;975;495;@101778
1638346997527.jpg;1093;499;1141;507;1139;521;1090;514;@113.0
1638346997527.jpg;1219;516;1258;522;1255;542;1217;536;@陶飞
1638346997527.jpg;1316;535;1354;541;1353;557;1314;551;@25.3
1638346997527.jpg;1403;550;1461;559;1460;574;1402;565;@253.17
1638346997527.jpg;143;361;181;367;177;387;139;381;@单价
1638346997527.jpg;238;379;285;387;282;401;234;393;@56.79
1638346997527.jpg;323;390;380;399;377;419;320;409;@侯秀云
1638346997527.jpg;408;407;466;416;463;431;406;421;@156.28
1638346997527.jpg;514;421;552;427;549;447;510;441;@杭超
1638346997527.jpg;599;438;647;446;645;461;597;453;@90.03
1638346997527.jpg;714;457;733;461;731;476;712;472;@57
1638346997527.jpg;810;473;830;476;828;491;808;488;@79
1638346997527.jpg;877;484;926;492;923;507;875;499;@98.88
1638346997527.jpg;984;501;1023;508;1020;522;982;516;@11.7
1638346997527.jpg;1090;516;1148;525;1146;545;1088;535;@雷秀华
1638346997527.jpg;1206;537;1255;545;1253;561;1205;553;@323.6
1638346997527.jpg;1304;554;1362;563;1360;578;1302;569;@203753
1638346997527.jpg;1401;567;1459;576;1457;597;1399;586;@石兰英
1638346997527.jpg;120;377;196;389;192;409;116;396;@发件地址
1638346997527.jpg;242;400;281;406;279;421;240;415;@81.9
1638346997527.jpg;320;409;377;419;373;438;316;429;@吴秀芳
1638346997527.jpg;406;423;463;433;459;452;402;443;@黄丽娟
1638346997527.jpg;500;442;557;451;555;467;498;457;@681766
1638346997527.jpg;596;459;653;468;651;483;593;473;@857.52
1638346997527.jpg;692;474;750;484;748;498;689;489;@446.63
1638346997527.jpg;788;490;836;498;834;513;786;505;@61.12
1638346997527.jpg;875;504;933;513;930;528;873;519;@128.17
1638346997527.jpg;981;521;1019;527;1018;542;979;536;@0.84
1638346997527.jpg;1088;535;1146;545;1143;566;1085;556;@陈桂珍
1638346997527.jpg;1214;557;1253;563;1251;583;1211;576;@段洁
1638346997527.jpg;1301;574;1360;583;1358;599;1299;589;@171.75
1638346997527.jpg;1408;591;1448;598;1446;613;1407;607;@0.93
1638346997527.jpg;135;399;173;406;170;424;131;418;@品名
1638346997527.jpg;229;418;277;426;274;441;227;433;@17.56
1638346997527.jpg;315;432;363;440;360;455;313;447;@202.8
1638346997527.jpg;412;445;449;451;446;472;407;465;@唐玲
1638346997527.jpg;497;463;544;471;542;485;495;478;@93.35
1638346997527.jpg;603;480;641;486;638;501;600;495;@31.3
1638346997527.jpg;699;493;737;499;734;519;696;512;@吴颖
1638346997527.jpg;785;510;842;519;840;534;783;524;@282361
1638346997527.jpg;872;524;929;533;928;549;870;539;@874.37
1638346997527.jpg;969;539;1017;548;1015;563;967;555;@55.51
1638346997527.jpg;1084;559;1143;569;1141;583;1083;574;@649900
1638346997527.jpg;1211;576;1251;583;1248;604;1209;597;@李磊
1638346997527.jpg;1299;591;1357;601;1355;621;1297;611;@李建军
1638346997527.jpg;1396;610;1455;620;1453;635;1395;625;@945001
1638346997527.jpg;112;416;188;428;184;448;108;436;@支付方式
1638346997527.jpg;225;438;283;447;280;463;223;452;@966965
1638346997527.jpg;321;450;360;457;356;477;318;471;@黄瑞
1638346997527.jpg;407;468;445;475;443;489;405;483;@13.4
1638346997527.jpg;494;479;552;489;548;509;490;499;@王建军
1638346997527.jpg;598;500;637;506;635;521;596;514;@0.82
1638346997527.jpg;696;512;734;519;731;538;693;532;@王彬
1638346997527.jpg;801;533;821;536;818;551;799;548;@65
1638346997527.jpg;879;545;917;552;915;567;877;561;@98.1
1638346997527.jpg;976;562;1014;568;1012;583;973;576;@90.6
1638346997527.jpg;1092;580;1131;587;1129;603;1090;596;@0.86
1638346997527.jpg;1189;593;1267;607;1265;626;1187;614;@乐从鱼腐
1638346997527.jpg;1297;611;1355;621;1353;641;1295;631;@桂秀梅
1638346997527.jpg;1394;630;1444;639;1441;654;1393;646;@38.27
1638346997527.jpg;108;436;184;448;180;469;104;455;@大写金额
1638346997527.jpg;222;457;279;468;276;483;219;473;@947.25
1638346997527.jpg;317;474;355;480;353;495;315;489;@7.42
1638346997527.jpg;394;484;452;493;449;513;391;503;@秦桂珍
1638346997527.jpg;490;502;538;510;536;525;487;517;@88.14
1638346997527.jpg;587;515;644;524;641;544;583;535;@李小红
1638346997527.jpg;683;531;741;540;738;561;680;551;@吴建华
1638346997527.jpg;779;550;837;560;835;574;777;565;@257.16
1638346997527.jpg;866;564;924;574;922;588;864;579;@902039
1638346997527.jpg;963;580;1011;588;1010;603;960;596;@115.5
1638346997527.jpg;1080;597;1138;606;1136;626;1078;616;@吴秀芳
1638346997527.jpg;1207;617;1246;623;1243;644;1204;638;@周洋
1638346997527.jpg;1294;635;1353;644;1351;659;1292;650;@470214
1638346997527.jpg;1383;646;1461;659;1459;679;1381;667;@乐从鱼腐
1638346997527.jpg;123;460;161;466;157;486;120;479;@欠付
1638346997527.jpg;218;478;275;488;273;502;215;493;@141.24
1638346997527.jpg;304;489;362;499;358;518;301;509;@孙凤英
1638346997527.jpg;410;509;428;513;426;527;407;524;@10
1638346997527.jpg;487;522;535;530;532;545;484;537;@68.58
1638346997527.jpg;583;535;641;544;638;565;580;555;@次日达
1638346997527.jpg;679;554;727;562;725;577;677;569;@189.6
1638346997527.jpg;786;568;825;575;822;594;783;588;@吕梅
1638346997527.jpg;873;586;911;592;909;608;870;601;@31.8
1638346997527.jpg;961;601;1019;610;1016;625;958;615;@822395
1638346997527.jpg;1087;621;1125;627;1124;643;1085;637;@66.9
1638346997527.jpg;1204;638;1243;644;1240;664;1202;658;@张成
1638346997527.jpg;1301;656;1341;663;1339;678;1300;672;@67.3
1638346997527.jpg;1400;673;1430;678;1427;694;1398;688;@0.9
1638346997527.jpg;100;476;177;489;173;508;96;496;@货运协议
1638346997527.jpg;214;495;273;504;268;524;211;515;@农小红
1638346997527.jpg;310;514;348;520;346;535;307;528;@0.93
1638346997527.jpg;387;526;435;534;432;550;384;541;@59.13
1638346997527.jpg;482;542;531;551;528;565;480;558;@29.36
1638346997527.jpg;579;558;628;566;625;581;577;573;@57.73
1638346997527.jpg;676;571;735;580;732;601;673;591;@林丽丽
1638346997527.jpg;783;591;821;598;819;613;780;607;@31.8
1638346997527.jpg;869;606;909;613;907;627;867;621;@85.5
1638346997527.jpg;957;620;1006;628;1003;644;955;636;@65.09
1638346997527.jpg;1074;640;1133;650;1131;664;1073;655;@816.43
1638346997527.jpg;1202;658;1240;664;1238;685;1199;678;@张龙
1638346997527.jpg;1299;677;1339;683;1336;699;1298;692;@0.95
1638346997527.jpg;1388;691;1436;700;1435;715;1386;707;@17.56
1638346997527.jpg;153;93;276;113;196;522;70;502;cell@
1638346997527.jpg;903;214;989;227;929;644;842;629;cell@
1638346997527.jpg;988;227;1093;245;1037;661;928;644;cell@
1638346997527.jpg;1092;245;1217;264;1164;683;1036;661;cell@
1638346997527.jpg;818;200;903;214;843;629;754;615;cell@
1638346997527.jpg;1321;281;1408;295;1361;715;1271;701;cell@
1638346997527.jpg;359;126;443;140;369;552;281;536;cell@
1638346997527.jpg;275;112;360;127;282;536;195;522;cell@
1638346997527.jpg;442;140;527;154;455;566;368;551;cell@
1638346997527.jpg;714;184;819;200;755;615;647;598;cell@
1638346997527.jpg;1216;264;1322;281;1272;701;1164;683;cell@
1638346997527.jpg;1407;295;1513;311;1470;733;1360;715;cell@
1638346997527.jpg;526;154;631;170;561;583;454;565;cell@
1638346997527.jpg;630;170;715;184;648;598;560;583;cell@
1638346997527.jpg;153;93;1513;311;1470;733;70;502;table@1
