1638347007665.jpg;113;105;189;105;189;124;113;124;@收件信息
1638347007665.jpg;256;105;294;105;293;124;255;124;@送货
1638347007665.jpg;360;105;398;105;398;123;360;123;@备注
1638347007665.jpg;436;105;531;105;531;123;436;123;@托运人签字
1638347007665.jpg;579;105;636;105;636;124;579;124;@收件人
1638347007665.jpg;683;105;759;105;759;124;683;124;@收件电话
1638347007665.jpg;797;105;854;105;854;124;797;124;@发件人
1638347007665.jpg;902;105;978;105;978;124;902;124;@发件地址
1638347007665.jpg;1016;105;1111;105;1111;124;1016;124;@提货人签字
1638347007665.jpg;1149;105;1206;105;1206;124;1149;124;@审核人
1638347007665.jpg;1244;105;1339;105;1339;124;1244;124;@提货人签字
1638347007665.jpg;1377;105;1472;105;1472;124;1377;124;@提货人签字
1638347007665.jpg;1529;105;1567;105;1567;124;1529;124;@数量
1638347007665.jpg;131;143;169;143;168;162;130;162;@月结
1638347007665.jpg;255;143;293;143;292;162;254;162;@刘慧
1638347007665.jpg;359;146;397;146;397;160;359;160;@7.42
1638347007665.jpg;454;146;512;146;511;160;454;160;@133.01
1638347007665.jpg;578;146;635;146;635;160;578;160;@654.41
1638347007665.jpg;692;143;750;143;749;162;692;162;@林秀梅
1638347007665.jpg;807;146;845;146;845;160;807;160;@8.13
1638347007665.jpg;911;143;968;143;969;162;911;162;@甘桂香
1638347007665.jpg;1045;143;1083;143;1083;162;1045;162;@陈建
1638347007665.jpg;1168;146;1187;146;1188;160;1169;160;@75
1638347007665.jpg;1254;143;1330;143;1331;162;1254;162;@乐从鱼腐
1638347007665.jpg;1397;143;1454;143;1454;162;1397;162;@炖水鱼
1638347007665.jpg;1521;146;1578;146;1578;160;1521;160;@161.79
1638347007665.jpg;110;182;187;182;186;201;110;201;@发件信息
1638347007665.jpg;253;182;292;182;291;201;253;201;@张彬
1638347007665.jpg;349;185;396;185;396;199;348;199;@142.3
1638347007665.jpg;454;182;511;182;511;201;453;201;@谢秀英
1638347007665.jpg;568;182;644;182;644;201;568;201;@北京烤鸭
1638347007665.jpg;692;182;749;182;749;201;692;201;@孙春梅
1638347007665.jpg;797;185;845;185;845;199;797;199;@62.62
1638347007665.jpg;911;185;959;185;959;199;912;199;@86.69
1638347007665.jpg;1026;182;1102;182;1102;201;1026;201;@乐从鱼腐
1638347007665.jpg;1150;185;1198;185;1198;199;1150;199;@628.4
1638347007665.jpg;1264;185;1322;185;1322;199;1265;199;@375.08
1638347007665.jpg;1398;185;1446;185;1446;199;1398;199;@43.77
1638347007665.jpg;1522;185;1570;185;1570;199;1522;199;@53.64
1638347007665.jpg;99;220;195;220;194;240;99;240;@提货人签字
1638347007665.jpg;224;220;319;220;319;240;223;240;@大良煎虾饼
1638347007665.jpg;348;223;396;223;395;238;347;238;@96.96
1638347007665.jpg;453;223;501;223;500;238;453;238;@87.11
1638347007665.jpg;577;223;634;223;634;238;577;238;@717428
1638347007665.jpg;692;220;749;220;749;240;692;240;@邵桂芳
1638347007665.jpg;797;223;854;223;854;238;797;238;@488.24
1638347007665.jpg;912;220;969;220;969;240;912;240;@张桂兰
1638347007665.jpg;1045;220;1084;220;1084;240;1046;240;@吴颖
1638347007665.jpg;1151;220;1208;220;1208;240;1151;240;@农小红
1638347007665.jpg;1265;223;1323;223;1323;238;1266;238;@123.74
1638347007665.jpg;1418;223;1437;223;1438;238;1419;238;@54
1638347007665.jpg;1542;223;1562;223;1562;238;1543;238;@67
1638347007665.jpg;117;259;174;259;174;278;116;278;@发件人
1638347007665.jpg;261;262;280;262;279;276;260;276;@70
1638347007665.jpg;356;259;395;259;394;278;356;278;@王伟
1638347007665.jpg;462;259;500;259;500;278;461;278;@单军
1638347007665.jpg;577;262;634;262;634;276;576;276;@954600
1638347007665.jpg;692;259;749;259;749;278;691;278;@辣子鸡
1638347007665.jpg;806;262;845;262;845;276;806;276;@9.27
1638347007665.jpg;912;262;969;262;969;276;912;276;@182001
1638347007665.jpg;1046;259;1084;259;1084;278;1046;278;@徐帆
1638347007665.jpg;1151;262;1209;262;1209;276;1151;276;@204489
1638347007665.jpg;1266;262;1324;262;1324;276;1266;276;@153.78
1638347007665.jpg;1400;262;1448;262;1449;276;1401;276;@61.11
1638347007665.jpg;1534;262;1573;262;1573;276;1535;276;@9.13
1638347007665.jpg;115;298;173;298;172;317;115;317;@审核人
1638347007665.jpg;240;301;288;301;288;315;240;315;@85.08
1638347007665.jpg;346;298;403;298;403;317;345;317;@吴淑珍
1638347007665.jpg;461;301;499;301;499;315;461;315;@91.9
1638347007665.jpg;557;298;653;298;653;317;557;317;@五彩炒蛇丝
1638347007665.jpg;701;301;739;301;739;315;701;315;@9.03
1638347007665.jpg;806;301;845;301;845;315;806;315;@3.23
1638347007665.jpg;921;301;960;301;960;315;922;315;@85.5
1638347007665.jpg;1037;301;1085;301;1085;315;1037;315;@86.47
1638347007665.jpg;1152;301;1200;301;1200;315;1152;315;@38.27
1638347007665.jpg;1276;298;1315;298;1315;317;1277;317;@张柳
1638347007665.jpg;1392;298;1468;298;1469;317;1392;317;@腊味合蒸
1638347007665.jpg;1526;298;1584;298;1584;317;1527;317;@冯桂英
1638347007665.jpg;114;337;172;337;171;357;113;357;@发件人
1638347007665.jpg;248;340;287;340;287;355;248;355;@6.28
1638347007665.jpg;364;340;383;340;383;354;364;354;@44
1638347007665.jpg;460;337;499;337;498;357;460;357;@方林
1638347007665.jpg;575;340;624;340;623;355;575;355;@61.12
1638347007665.jpg;691;337;749;337;748;357;691;357;@吴淑珍
1638347007665.jpg;797;340;845;340;845;355;797;355;@38.37
1638347007665.jpg;912;340;960;340;960;355;912;355;@55.98
1638347007665.jpg;1037;340;1085;340;1085;355;1037;355;@77.04
1638347007665.jpg;1152;340;1200;340;1201;355;1153;355;@75.22
1638347007665.jpg;1277;340;1316;340;1316;355;1278;355;@31.8
1638347007665.jpg;1402;340;1460;340;1461;355;1403;355;@189.11
1638347007665.jpg;1537;337;1575;337;1576;357;1538;357;@陈波
1638347007665.jpg;112;376;170;376;170;396;112;396;@发件人
1638347007665.jpg;247;379;286;379;285;394;247;394;@95.8
1638347007665.jpg;344;379;392;379;391;394;343;394;@95.38
1638347007665.jpg;450;379;507;379;507;394;449;394;@125.28
1638347007665.jpg;594;379;613;379;613;394;594;394;@50
1638347007665.jpg;691;376;748;376;748;396;690;396;@陈桂花
1638347007665.jpg;816;379;835;379;835;394;816;394;@89
1638347007665.jpg;922;376;960;376;960;396;922;396;@张欣
1638347007665.jpg;1037;379;1095;379;1095;394;1038;394;@974115
1638347007665.jpg;1143;376;1220;376;1221;396;1144;396;@黄埔炒蛋
1638347007665.jpg;1269;376;1326;376;1327;396;1269;396;@王秀兰
1638347007665.jpg;1404;379;1452;379;1452;394;1404;394;@72.24
1638347007665.jpg;1529;376;1587;376;1587;395;1529;395;@双皮奶
1638347007665.jpg;92;416;188;416;188;434;91;434;@托运人签字
1638347007665.jpg;236;419;294;419;294;433;236;433;@446.63
1638347007665.jpg;352;416;391;416;390;435;352;435;@李静
1638347007665.jpg;449;416;507;416;506;435;448;435;@张玉英
1638347007665.jpg;584;416;623;416;622;435;584;435;@刘阳
1638347007665.jpg;690;419;738;419;738;433;690;433;@18.09
1638347007665.jpg;796;419;854;419;854;433;796;433;@352.35
1638347007665.jpg;922;416;961;416;961;434;922;434;@向东
1638347007665.jpg;1038;419;1086;419;1086;433;1038;433;@92.81
1638347007665.jpg;1154;419;1212;419;1212;433;1154;433;@307237
1638347007665.jpg;1279;416;1318;416;1318;435;1280;435;@任荣
1638347007665.jpg;1414;416;1453;416;1454;435;1415;435;@陈岩
1638347007665.jpg;1540;419;1579;419;1579;433;1540;433;@3.23
1638347007665.jpg;119;455;158;455;157;475;118;475;@货物
1638347007665.jpg;245;458;283;458;283;473;244;473;@3.17
1638347007665.jpg;342;458;400;458;399;473;341;473;@189.11
1638347007665.jpg;448;458;506;458;506;473;448;473;@854702
1638347007665.jpg;574;458;622;458;622;473;574;473;@34.02
1638347007665.jpg;690;458;748;458;748;473;690;473;@358.52
1638347007665.jpg;806;455;845;455;845;475;806;475;@倪强
1638347007665.jpg;912;458;970;458;971;473;912;473;@592536
1638347007665.jpg;1038;458;1096;458;1096;473;1038;473;@874168
1638347007665.jpg;1154;458;1212;458;1213;473;1155;473;@137.54
1638347007665.jpg;1270;455;1328;455;1329;475;1271;475;@冯桂英
1638347007665.jpg;1425;458;1445;458;1445;473;1426;473;@48
1638347007665.jpg;1512;455;1609;455;1610;475;1513;475;@五彩炒蛇丝
1638347007665.jpg;98;495;176;495;175;515;97;515;@发件地址
1638347007665.jpg;243;498;282;498;282;513;243;513;@0.88
1638347007665.jpg;350;496;389;496;389;515;350;515;@景磊
1638347007665.jpg;447;495;505;495;505;515;447;515;@廖婷婷
1638347007665.jpg;573;498;631;498;631;513;573;513;@102.46
1638347007665.jpg;690;498;738;498;738;513;689;513;@96.65
1638347007665.jpg;806;498;845;498;845;513;806;513;@0.84
1638347007665.jpg;913;495;971;495;971;515;913;515;@方建军
1638347007665.jpg;1048;495;1087;495;1087;515;1048;515;@陈波
1638347007665.jpg;1155;495;1213;495;1213;515;1155;515;@程凤兰
1638347007665.jpg;1281;498;1320;498;1320;513;1281;513;@0.85
1638347007665.jpg;1417;495;1455;495;1456;515;1417;515;@赵亮
1638347007665.jpg;1543;495;1581;495;1582;515;1543;515;@徐利
1638347007665.jpg;116;535;155;535;154;555;115;555;@总价
1638347007665.jpg;233;538;291;538;290;553;232;553;@169.82
1638347007665.jpg;339;535;398;535;397;554;339;554;@刘小红
1638347007665.jpg;446;538;505;538;504;553;446;553;@364423
1638347007665.jpg;582;538;621;538;621;553;582;553;@11.3
1638347007665.jpg;699;538;738;538;738;553;699;553;@0.97
1638347007665.jpg;796;538;854;538;854;553;796;553;@369.18
1638347007665.jpg;922;538;961;538;961;553;922;553;@90.6
1638347007665.jpg;1039;538;1088;538;1088;553;1039;553;@143.9
1638347007665.jpg;1156;535;1214;535;1214;554;1156;554;@飞龙汤
1638347007665.jpg;1272;535;1330;535;1331;555;1273;555;@葛淑兰
1638347007665.jpg;1418;538;1457;538;1457;553;1418;553;@0.89
1638347007665.jpg;1544;538;1583;538;1584;553;1545;553;@0.82
1638347007665.jpg;105;575;163;575;162;595;104;595;@审核人
1638347007665.jpg;231;578;280;578;279;593;231;593;@38.81
1638347007665.jpg;338;578;397;578;396;593;338;593;@392.71
1638347007665.jpg;445;578;494;578;494;593;445;593;@736.7
1638347007665.jpg;591;578;611;578;611;592;591;592;@42
1638347007665.jpg;689;578;738;578;737;593;689;593;@77.54
1638347007665.jpg;796;575;854;575;854;595;796;595;@葛淑兰
1638347007665.jpg;913;578;961;578;962;593;913;593;@71.98
1638347007665.jpg;1039;575;1098;575;1098;595;1040;595;@次日达
1638347007665.jpg;1166;578;1205;578;1205;593;1166;593;@0.95
1638347007665.jpg;1283;575;1322;575;1322;595;1283;595;@范畅
1638347007665.jpg;1409;575;1468;575;1468;594;1410;594;@包凤兰
1638347007665.jpg;1546;575;1584;575;1585;595;1546;595;@贾梅
1638347007665.jpg;113;615;152;615;151;635;112;635;@提付
1638347007665.jpg;230;618;288;618;288;633;229;633;@123.31
1638347007665.jpg;337;618;386;618;386;633;337;633;@70.25
1638347007665.jpg;445;615;503;615;503;635;444;635;@孙春梅
1638347007665.jpg;571;618;620;618;620;633;571;633;@19.31
1638347007665.jpg;689;618;737;618;737;633;688;633;@27.88
1638347007665.jpg;796;618;854;618;854;633;796;633;@480161
1638347007665.jpg;913;618;962;618;962;633;913;633;@57.35
1638347007665.jpg;1040;615;1098;615;1099;635;1040;635;@林秀梅
1638347007665.jpg;1157;618;1215;618;1216;633;1157;633;@820534
1638347007665.jpg;1284;618;1323;618;1323;633;1284;633;@67.3
1638347007665.jpg;1420;618;1459;618;1460;633;1421;633;@2.24
1638347007665.jpg;1537;615;1596;615;1597;635;1538;635;@祝桂珍
1638347007665.jpg;92;655;170;655;169;676;91;676;@收件电话
1638347007665.jpg;238;658;278;658;277;674;238;674;@86.3
1638347007665.jpg;336;658;395;658;395;674;336;674;@394.92
1638347007665.jpg;454;658;493;658;492;674;453;674;@2.46
1638347007665.jpg;571;658;620;658;620;674;571;674;@68.48
1638347007665.jpg;708;658;727;658;727;674;708;674;@62
1638347007665.jpg;786;655;864;655;864;676;786;676;@东安子鸡
1638347007665.jpg;913;658;962;658;962;674;913;674;@62.62
1638347007665.jpg;1050;655;1089;655;1089;676;1050;676;@戴洋
1638347007665.jpg;1167;658;1206;658;1207;674;1168;674;@47.0
1638347007665.jpg;1265;655;1343;655;1344;676;1265;676;@均安蒸猪
1638347007665.jpg;1412;658;1461;658;1461;674;1412;674;@72.35
1638347007665.jpg;1549;658;1588;658;1588;674;1549;674;@6.25
1638347007665.jpg;100;696;159;696;158;716;99;716;@发件人
1638347007665.jpg;227;699;286;699;286;714;227;714;@388183
1638347007665.jpg;345;696;384;696;384;716;344;716;@何坤
1638347007665.jpg;443;696;502;696;501;716;443;716;@周桂珍
1638347007665.jpg;570;699;629;699;629;714;570;714;@791724
1638347007665.jpg;688;699;747;699;747;714;688;714;@954796
1638347007665.jpg;786;696;864;696;864;716;786;716;@顶骨大鳝
1638347007665.jpg;923;696;962;696;962;716;923;716;@陈瑜
1638347007665.jpg;1050;699;1090;699;1090;714;1051;714;@80.2
1638347007665.jpg;1158;699;1217;699;1217;714;1158;714;@111.78
1638347007665.jpg;1276;696;1334;696;1335;716;1276;716;@葛淑兰
1638347007665.jpg;1383;696;1491;696;1492;716;1384;716;@生鲜/当日达
1638347007665.jpg;1540;696;1599;696;1600;715;1541;715;@赵玉兰
1638347007665.jpg;79;737;177;737;176;756;78;756;@托运人签字
1638347007665.jpg;236;740;275;740;275;755;235;755;@11.7
1638347007665.jpg;334;740;383;740;383;755;334;755;@20.43
1638347007665.jpg;432;737;511;737;510;757;432;757;@顶骨大鳝
1638347007665.jpg;570;740;619;740;619;755;569;755;@50.79
1638347007665.jpg;697;740;737;740;737;755;697;755;@1.62
1638347007665.jpg;805;740;835;740;835;755;805;755;@0.8
1638347007665.jpg;913;740;962;740;962;755;913;755;@68.58
1638347007665.jpg;1051;737;1090;737;1090;757;1051;757;@李璐
1638347007665.jpg;1159;740;1218;740;1218;755;1159;755;@149.69
1638347007665.jpg;1286;740;1326;740;1326;755;1287;755;@0.92
1638347007665.jpg;1414;738;1473;738;1474;757;1415;757;@王丽娟
1638347007665.jpg;1552;740;1591;740;1591;755;1552;755;@47.0
1638347007665.jpg;97;778;156;778;155;798;96;798;@发件人
1638347007665.jpg;215;778;294;778;293;798;214;798;@顶骨大鳝
1638347007665.jpg;333;781;382;781;382;796;333;796;@50.79
1638347007665.jpg;441;781;500;781;500;796;441;796;@1470.6
1638347007665.jpg;579;781;618;781;618;796;579;796;@0.96
1638347007665.jpg;687;778;746;778;746;797;687;797;@包凤兰
1638347007665.jpg;805;781;845;781;845;796;805;796;@11.7
1638347007665.jpg;913;778;972;778;973;798;914;798;@杨秀英
1638347007665.jpg;1031;778;1110;778;1110;798;1032;798;@均安蒸猪
1638347007665.jpg;1159;781;1209;781;1209;796;1160;796;@35.29
1638347007665.jpg;1287;778;1327;778;1327;797;1288;797;@刘建
1638347007665.jpg;1415;781;1464;781;1465;796;1416;796;@96.73
1638347007665.jpg;1553;778;1592;778;1593;798;1554;798;@程萍
1638347007665.jpg;76;819;174;819;174;839;75;839;@提货人签字
1638347007665.jpg;223;822;283;822;282;837;223;837;@139611
1638347007665.jpg;342;819;381;819;381;839;341;839;@浦宁
1638347007665.jpg;450;822;490;822;489;837;450;837;@7.17
1638347007665.jpg;568;822;628;822;627;837;568;837;@141.55
1638347007665.jpg;687;822;736;822;736;837;687;837;@50.22
1638347007665.jpg;795;822;845;822;845;837;795;837;@61.69
1638347007665.jpg;914;819;973;819;973;839;914;839;@辛桂英
1638347007665.jpg;1042;819;1101;819;1101;839;1042;839;@方桂芝
1638347007665.jpg;1160;822;1209;822;1210;837;1160;837;@55.53
1638347007665.jpg;1278;822;1328;822;1328;837;1279;837;@45.09
1638347007665.jpg;1416;819;1475;819;1476;839;1417;839;@廖婷婷
1638347007665.jpg;1535;819;1614;819;1614;839;1535;839;@顶骨大鳝
1638347007665.jpg;74;860;173;860;172;881;73;881;@提货人签字
1638347007665.jpg;222;863;271;863;271;879;222;879;@507.3
1638347007665.jpg;331;860;390;860;390;881;330;881;@曾丽华
1638347007665.jpg;439;863;489;863;489;879;439;879;@147.2
1638347007665.jpg;568;863;617;863;617;879;568;879;@51.12
1638347007665.jpg;686;860;746;860;746;881;686;881;@高秀梅
1638347007665.jpg;805;860;845;860;845;881;805;881;@谷丹
1638347007665.jpg;914;863;973;863;973;879;914;879;@262.26
1638347007665.jpg;1052;863;1092;863;1092;879;1052;879;@1.62
1638347007665.jpg;1161;863;1220;863;1220;879;1161;879;@992.03
1638347007665.jpg;1279;863;1339;863;1339;879;1280;879;@153.39
1638347007665.jpg;1418;863;1467;863;1468;879;1418;879;@85.42
1638347007665.jpg;1546;860;1605;860;1606;881;1547;881;@高秀梅
1638347007665.jpg;92;901;152;901;151;922;91;922;@收件人
1638347007665.jpg;221;901;280;901;280;922;220;922;@许桂珍
1638347007665.jpg;340;904;379;904;379;920;339;920;@9.13
1638347007665.jpg;449;901;488;901;488;922;448;922;@穆勇
1638347007665.jpg;577;904;617;904;617;920;577;920;@0.99
1638347007665.jpg;706;904;726;904;726;920;706;920;@51
1638347007665.jpg;805;904;845;904;845;920;805;920;@0.91
1638347007665.jpg;914;901;973;901;973;922;914;922;@吕春梅
1638347007665.jpg;1052;904;1092;904;1092;920;1053;920;@7.17
1638347007665.jpg;1171;901;1211;901;1211;922;1172;922;@张龙
1638347007665.jpg;1280;904;1340;904;1340;920;1281;920;@146.61
1638347007665.jpg;1419;904;1478;904;1479;920;1419;920;@975989
1638347007665.jpg;1548;904;1597;904;1598;920;1548;920;@78.74
1638347007665.jpg;81;943;160;943;159;964;80;964;@收件信息
1638347007665.jpg;229;946;269;946;269;962;229;962;@0.99
1638347007665.jpg;329;946;378;946;378;962;328;962;@30.37
1638347007665.jpg;448;946;487;946;487;962;447;962;@9.48
1638347007665.jpg;577;943;616;943;616;964;576;964;@杭超
1638347007665.jpg;686;946;745;946;745;962;686;962;@441568
1638347007665.jpg;795;943;854;943;854;964;795;964;@炒水蛇
1638347007665.jpg;894;943;993;943;994;964;894;964;@清蒸武昌鱼
1638347007665.jpg;1043;943;1102;943;1103;963;1043;963;@双皮奶
1638347007665.jpg;1172;946;1212;946;1212;962;1172;962;@55.2
1638347007665.jpg;1291;943;1331;943;1331;964;1291;964;@何坤
1638347007665.jpg;1420;943;1479;943;1480;964;1421;964;@孙春梅
1638347007665.jpg;1549;946;1609;946;1609;962;1550;962;@482.23
1638347007665.jpg;81;326;207;326;205;366;79;366;cell@
1638347007665.jpg;879;524;1006;524;1006;565;879;565;cell@
1638347007665.jpg;90;94;214;94;213;134;89;134;cell@
1638347007665.jpg;1125;133;1231;133;1232;172;1126;172;cell@
1638347007665.jpg;1499;484;1626;484;1627;525;1500;525;cell@
1638347007665.jpg;772;604;880;604;880;645;771;645;cell@
1638347007665.jpg;1007;807;1136;807;1137;850;1007;850;cell@
1638347007665.jpg;772;365;879;365;879;406;772;406;cell@
1638347007665.jpg;770;932;880;932;880;974;770;974;cell@
1638347007665.jpg;1362;444;1498;444;1500;485;1363;485;cell@
1638347007665.jpg;1128;326;1235;326;1236;366;1129;366;cell@
1638347007665.jpg;1497;444;1624;444;1626;485;1499;485;cell@
1638347007665.jpg;878;248;1004;248;1004;288;878;288;cell@
1638347007665.jpg;65;726;193;726;192;767;63;767;cell@
1638347007665.jpg;87;171;212;171;211;211;85;211;cell@
1638347007665.jpg;772;564;880;564;880;605;771;605;cell@
1638347007665.jpg;1002;210;1127;210;1128;249;1003;249;cell@
1638347007665.jpg;1007;766;1136;766;1136;808;1007;808;cell@
1638347007665.jpg;194;685;322;685;321;727;192;727;cell@
1638347007665.jpg;417;326;543;326;542;366;416;366;cell@
1638347007665.jpg;663;685;772;685;772;727;663;727;cell@
1638347007665.jpg;669;133;774;133;774;172;668;172;cell@
1638347007665.jpg;1510;807;1639;807;1640;850;1511;850;cell@
1638347007665.jpg;534;849;663;849;662;891;533;891;cell@
1638347007665.jpg;1355;171;1489;171;1490;211;1356;211;cell@
1638347007665.jpg;543;287;668;287;668;327;542;327;cell@
1638347007665.jpg;1501;564;1629;564;1630;605;1503;605;cell@
1638347007665.jpg;1129;405;1236;405;1237;445;1130;445;cell@
1638347007665.jpg;1134;726;1243;726;1244;767;1135;767;cell@
1638347007665.jpg;60;849;189;849;188;891;58;891;cell@
1638347007665.jpg;1005;564;1133;564;1133;605;1006;605;cell@
1638347007665.jpg;771;685;880;685;880;727;771;727;cell@
1638347007665.jpg;1003;326;1129;326;1130;366;1004;366;cell@
1638347007665.jpg;325;524;414;524;413;565;324;565;cell@
1638347007665.jpg;1008;890;1137;890;1138;933;1008;933;cell@
1638347007665.jpg;1229;94;1354;94;1355;134;1230;134;cell@
1638347007665.jpg;214;94;338;94;337;134;212;134;cell@
1638347007665.jpg;203;405;329;405;328;445;202;445;cell@
1638347007665.jpg;1358;287;1493;287;1494;327;1359;327;cell@
1638347007665.jpg;74;484;201;484;200;525;73;525;cell@
1638347007665.jpg;663;766;772;766;772;808;662;808;cell@
1638347007665.jpg;532;932;662;932;662;974;532;974;cell@
1638347007665.jpg;536;685;664;685;664;727;536;727;cell@
1638347007665.jpg;1243;766;1372;766;1373;808;1244;808;cell@
1638347007665.jpg;333;248;420;248;419;288;332;288;cell@
1638347007665.jpg;1357;248;1492;248;1493;288;1358;288;cell@
1638347007665.jpg;878;133;1003;133;1003;172;878;172;cell@
1638347007665.jpg;416;365;542;365;542;406;415;406;cell@
1638347007665.jpg;668;171;774;171;774;211;668;211;cell@
1638347007665.jpg;879;444;1005;444;1006;485;879;485;cell@
1638347007665.jpg;200;484;327;484;326;525;199;525;cell@
1638347007665.jpg;1356;210;1490;210;1492;249;1357;249;cell@
1638347007665.jpg;879;685;1007;685;1007;727;879;727;cell@
1638347007665.jpg;85;210;211;210;209;249;84;249;cell@
1638347007665.jpg;662;890;771;890;771;933;661;933;cell@
1638347007665.jpg;1242;726;1370;726;1372;767;1243;767;cell@
1638347007665.jpg;1231;171;1356;171;1357;211;1232;211;cell@
1638347007665.jpg;546;94;670;94;670;134;545;134;cell@
1638347007665.jpg;324;564;413;564;412;605;323;605;cell@
1638347007665.jpg;1241;685;1369;685;1370;727;1242;727;cell@
1638347007665.jpg;413;484;540;484;540;525;413;525;cell@
1638347007665.jpg;1512;890;1642;890;1644;933;1514;933;cell@
1638347007665.jpg;419;248;544;248;544;288;418;288;cell@
1638347007665.jpg;662;849;772;849;771;891;662;891;cell@
1638347007665.jpg;1374;890;1513;890;1515;933;1375;933;cell@
1638347007665.jpg;1359;326;1494;326;1496;366;1360;366;cell@
1638347007665.jpg;1233;287;1359;287;1360;327;1234;327;cell@
1638347007665.jpg;539;524;666;524;666;565;538;565;cell@
1638347007665.jpg;1244;807;1373;807;1374;850;1244;850;cell@
1638347007665.jpg;1232;248;1358;248;1359;288;1233;288;cell@
1638347007665.jpg;332;287;419;287;418;327;331;327;cell@
1638347007665.jpg;772;444;879;444;880;485;772;485;cell@
1638347007665.jpg;879;564;1006;564;1006;605;879;605;cell@
1638347007665.jpg;411;604;538;604;538;645;410;645;cell@
1638347007665.jpg;668;248;774;248;774;288;667;288;cell@
1638347007665.jpg;665;564;773;564;772;605;664;605;cell@
1638347007665.jpg;1503;604;1630;604;1632;645;1504;645;cell@
1638347007665.jpg;545;171;669;171;669;211;544;211;cell@
1638347007665.jpg;1126;210;1232;210;1233;249;1127;249;cell@
1638347007665.jpg;84;248;209;248;208;288;82;288;cell@
1638347007665.jpg;1004;365;1130;365;1130;406;1004;406;cell@
1638347007665.jpg;772;484;880;484;880;525;772;525;cell@
1638347007665.jpg;322;644;411;644;410;686;321;686;cell@
1638347007665.jpg;207;287;333;287;332;327;206;327;cell@
1638347007665.jpg;328;405;416;405;415;445;327;445;cell@
1638347007665.jpg;188;849;317;849;316;891;187;891;cell@
1638347007665.jpg;879;766;1008;766;1008;808;879;808;cell@
1638347007665.jpg;878;210;1003;210;1004;249;878;249;cell@
1638347007665.jpg;1246;932;1376;932;1377;974;1247;974;cell@
1638347007665.jpg;1507;726;1635;726;1637;767;1508;767;cell@
1638347007665.jpg;82;287;208;287;207;327;81;327;cell@
1638347007665.jpg;1136;890;1246;890;1247;933;1137;933;cell@
1638347007665.jpg;1505;685;1634;685;1635;727;1507;727;cell@
1638347007665.jpg;664;644;772;644;772;686;663;686;cell@
1638347007665.jpg;534;807;663;807;663;850;534;850;cell@
1638347007665.jpg;879;890;1009;890;1009;933;879;933;cell@
1638347007665.jpg;418;287;544;287;543;327;417;327;cell@
1638347007665.jpg;185;932;315;932;314;974;184;974;cell@
1638347007665.jpg;1367;644;1505;644;1506;686;1368;686;cell@
1638347007665.jpg;1361;405;1497;405;1498;445;1362;445;cell@
1638347007665.jpg;1128;287;1234;287;1235;327;1128;327;cell@
1638347007665.jpg;78;405;204;405;203;445;76;445;cell@
1638347007665.jpg;1485;94;1610;94;1611;134;1487;134;cell@
1638347007665.jpg;1504;644;1632;644;1634;686;1506;686;cell@
1638347007665.jpg;879;849;1008;849;1009;891;879;891;cell@
1638347007665.jpg;1127;248;1233;248;1234;288;1128;288;cell@
1638347007665.jpg;79;365;205;365;204;406;78;406;cell@
1638347007665.jpg;56;932;186;932;185;974;55;974;cell@
1638347007665.jpg;187;890;316;890;315;933;185;933;cell@
1638347007665.jpg;206;326;332;326;330;366;204;366;cell@
1638347007665.jpg;879;807;1008;807;1008;850;879;850;cell@
1638347007665.jpg;1371;766;1509;766;1511;808;1372;808;cell@
1638347007665.jpg;1508;766;1637;766;1639;808;1510;808;cell@
1638347007665.jpg;1489;210;1614;210;1616;249;1491;249;cell@
1638347007665.jpg;1137;932;1247;932;1248;974;1138;974;cell@
1638347007665.jpg;1129;365;1236;365;1236;406;1129;406;cell@
1638347007665.jpg;770;890;880;890;880;933;770;933;cell@
1638347007665.jpg;1005;524;1132;524;1133;565;1005;565;cell@
1638347007665.jpg;335;171;422;171;421;211;334;211;cell@
1638347007665.jpg;1003;287;1129;287;1129;327;1003;327;cell@
1638347007665.jpg;326;484;414;484;414;525;325;525;cell@
1638347007665.jpg;771;644;880;644;880;686;771;686;cell@
1638347007665.jpg;320;726;409;726;408;767;319;767;cell@
1638347007665.jpg;1369;726;1508;726;1509;767;1371;767;cell@
1638347007665.jpg;1363;484;1500;484;1501;525;1364;525;cell@
1638347007665.jpg;879;932;1009;932;1009;974;879;974;cell@
1638347007665.jpg;66;685;195;685;193;727;65;727;cell@
1638347007665.jpg;541;365;668;365;667;406;541;406;cell@
1638347007665.jpg;76;444;203;444;201;485;74;485;cell@
1638347007665.jpg;663;726;772;726;772;767;663;767;cell@
1638347007665.jpg;1130;484;1238;484;1239;525;1131;525;cell@
1638347007665.jpg;533;890;663;890;662;933;532;933;cell@
1638347007665.jpg;542;326;668;326;667;366;541;366;cell@
1638347007665.jpg;1006;644;1134;644;1134;686;1006;686;cell@
1638347007665.jpg;771;766;880;766;880;808;771;808;cell@
1638347007665.jpg;1373;849;1512;849;1513;891;1374;891;cell@
1638347007665.jpg;192;726;321;726;320;767;191;767;cell@
1638347007665.jpg;211;171;336;171;335;211;210;211;cell@
1638347007665.jpg;879;644;1007;644;1007;686;879;686;cell@
1638347007665.jpg;878;94;1002;94;1003;134;878;134;cell@
1638347007665.jpg;1133;685;1242;685;1243;727;1134;727;cell@
1638347007665.jpg;1130;444;1237;444;1238;485;1130;485;cell@
1638347007665.jpg;61;807;190;807;189;850;60;850;cell@
1638347007665.jpg;1235;365;1361;365;1362;406;1235;406;cell@
1638347007665.jpg;1230;133;1355;133;1356;172;1231;172;cell@
1638347007665.jpg;1365;564;1502;564;1504;605;1366;605;cell@
1638347007665.jpg;409;685;537;685;537;727;408;727;cell@
1638347007665.jpg;414;444;541;444;540;485;413;485;cell@
1638347007665.jpg;665;484;773;484;773;525;665;525;cell@
1638347007665.jpg;1364;524;1501;524;1502;565;1365;565;cell@
1638347007665.jpg;537;644;665;644;664;686;536;686;cell@
1638347007665.jpg;541;405;667;405;667;445;540;445;cell@
1638347007665.jpg;1126;171;1232;171;1232;211;1126;211;cell@
1638347007665.jpg;1237;484;1364;484;1365;525;1238;525;cell@
1638347007665.jpg;315;890;405;890;404;933;314;933;cell@
1638347007665.jpg;422;94;547;94;546;134;421;134;cell@
1638347007665.jpg;191;766;320;766;318;808;189;808;cell@
1638347007665.jpg;406;807;535;807;535;850;405;850;cell@
1638347007665.jpg;412;564;539;564;538;605;411;605;cell@
1638347007665.jpg;1491;248;1616;248;1618;288;1492;288;cell@
1638347007665.jpg;668;210;774;210;774;249;668;249;cell@
1638347007665.jpg;535;766;664;766;663;808;534;808;cell@
1638347007665.jpg;1135;807;1245;807;1245;850;1136;850;cell@
1638347007665.jpg;1514;932;1644;932;1645;974;1515;974;cell@
1638347007665.jpg;545;133;670;133;669;172;544;172;cell@
1638347007665.jpg;1235;405;1362;405;1363;445;1236;445;cell@
1638347007665.jpg;407;766;536;766;535;808;406;808;cell@
1638347007665.jpg;420;210;545;210;544;249;419;249;cell@
1638347007665.jpg;208;248;334;248;333;288;207;288;cell@
1638347007665.jpg;330;365;417;365;416;406;328;406;cell@
1638347007665.jpg;1004;405;1130;405;1131;445;1004;445;cell@
1638347007665.jpg;323;604;412;604;411;645;322;645;cell@
1638347007665.jpg;1366;604;1504;604;1505;645;1367;645;cell@
1638347007665.jpg;189;807;318;807;317;850;188;850;cell@
1638347007665.jpg;58;890;188;890;186;933;56;933;cell@
1638347007665.jpg;1245;890;1375;890;1376;933;1246;933;cell@
1638347007665.jpg;667;326;774;326;773;366;667;366;cell@
1638347007665.jpg;1487;133;1611;133;1613;172;1488;172;cell@
1638347007665.jpg;669;94;775;94;774;134;669;134;cell@
1638347007665.jpg;543;248;669;248;668;288;543;288;cell@
1638347007665.jpg;1238;524;1365;524;1366;565;1239;565;cell@
1638347007665.jpg;771;807;880;807;880;850;771;850;cell@
1638347007665.jpg;773;248;879;248;879;288;773;288;cell@
1638347007665.jpg;1004;444;1131;444;1131;485;1005;485;cell@
1638347007665.jpg;404;890;534;890;533;933;403;933;cell@
1638347007665.jpg;544;210;669;210;669;249;543;249;cell@
1638347007665.jpg;1353;94;1486;94;1488;134;1354;134;cell@
1638347007665.jpg;70;604;197;604;196;645;68;645;cell@
1638347007665.jpg;773;210;879;210;879;249;773;249;cell@
1638347007665.jpg;1240;644;1368;644;1369;686;1241;686;cell@
1638347007665.jpg;321;685;410;685;409;727;320;727;cell@
1638347007665.jpg;336;133;422;133;422;172;335;172;cell@
1638347007665.jpg;1132;604;1240;604;1241;645;1133;645;cell@
1638347007665.jpg;1496;405;1622;405;1624;445;1497;445;cell@
1638347007665.jpg;667;365;773;365;773;406;666;406;cell@
1638347007665.jpg;1488;171;1613;171;1615;211;1489;211;cell@
1638347007665.jpg;773;326;879;326;879;366;772;366;cell@
1638347007665.jpg;1132;564;1240;564;1240;605;1132;605;cell@
1638347007665.jpg;661;932;771;932;771;974;661;974;cell@
1638347007665.jpg;1006;726;1135;726;1136;767;1007;767;cell@
1638347007665.jpg;771;849;880;849;880;891;770;891;cell@
1638347007665.jpg;773;287;879;287;879;327;773;327;cell@
1638347007665.jpg;1005;484;1131;484;1132;525;1005;525;cell@
1638347007665.jpg;314;932;404;932;403;974;313;974;cell@
1638347007665.jpg;1375;932;1515;932;1516;974;1376;974;cell@
1638347007665.jpg;1360;365;1496;365;1497;406;1361;406;cell@
1638347007665.jpg;1368;685;1506;685;1508;727;1370;727;cell@
1638347007665.jpg;89;133;213;133;212;172;87;172;cell@
1638347007665.jpg;666;405;773;405;773;445;666;445;cell@
1638347007665.jpg;1131;524;1239;524;1240;565;1132;565;cell@
1638347007665.jpg;1500;524;1627;524;1629;565;1501;565;cell@
1638347007665.jpg;538;564;666;564;665;605;537;605;cell@
1638347007665.jpg;68;644;196;644;194;686;66;686;cell@
1638347007665.jpg;1511;849;1640;849;1642;891;1512;891;cell@
1638347007665.jpg;1007;849;1137;849;1137;891;1008;891;cell@
1638347007665.jpg;772;405;879;405;879;445;772;445;cell@
1638347007665.jpg;1005;604;1133;604;1134;645;1006;645;cell@
1638347007665.jpg;317;807;407;807;406;850;316;850;cell@
1638347007665.jpg;878;326;1004;326;1005;366;878;366;cell@
1638347007665.jpg;1372;807;1511;807;1512;850;1373;850;cell@
1638347007665.jpg;204;365;330;365;329;406;203;406;cell@
1638347007665.jpg;212;133;337;133;336;172;211;172;cell@
1638347007665.jpg;878;287;1004;287;1004;327;878;327;cell@
1638347007665.jpg;665;524;773;524;773;565;665;565;cell@
1638347007665.jpg;1133;644;1241;644;1242;686;1133;686;cell@
1638347007665.jpg;1125;94;1230;94;1231;134;1125;134;cell@
1638347007665.jpg;63;766;192;766;190;808;61;808;cell@
1638347007665.jpg;73;524;200;524;199;565;71;565;cell@
1638347007665.jpg;1003;248;1128;248;1129;288;1003;288;cell@
1638347007665.jpg;327;444;415;444;414;485;326;485;cell@
1638347007665.jpg;334;210;421;210;420;249;333;249;cell@
1638347007665.jpg;319;766;408;766;407;808;317;808;cell@
1638347007665.jpg;421;133;546;133;545;172;421;172;cell@
1638347007665.jpg;773;133;879;133;879;172;773;172;cell@
1638347007665.jpg;410;644;538;644;537;686;409;686;cell@
1638347007665.jpg;878;405;1005;405;1005;445;879;445;cell@
1638347007665.jpg;879;726;1007;726;1008;767;879;767;cell@
1638347007665.jpg;878;171;1003;171;1003;211;878;211;cell@
1638347007665.jpg;666;444;773;444;773;485;665;485;cell@
1638347007665.jpg;1135;766;1244;766;1245;808;1135;808;cell@
1638347007665.jpg;538;604;665;604;665;645;537;645;cell@
1638347007665.jpg;771;726;880;726;880;767;771;767;cell@
1638347007665.jpg;1006;685;1134;685;1135;727;1006;727;cell@
1638347007665.jpg;1008;932;1138;932;1139;974;1008;974;cell@
1638347007665.jpg;1236;444;1363;444;1364;485;1237;485;cell@
1638347007665.jpg;774;94;879;94;879;134;773;134;cell@
1638347007665.jpg;202;444;328;444;327;485;200;485;cell@
1638347007665.jpg;316;849;406;849;405;891;315;891;cell@
1638347007665.jpg;210;210;335;210;334;249;208;249;cell@
1638347007665.jpg;879;604;1006;604;1007;645;879;645;cell@
1638347007665.jpg;878;365;1005;365;1005;406;878;406;cell@
1638347007665.jpg;662;807;772;807;771;850;662;850;cell@
1638347007665.jpg;536;726;664;726;664;767;535;767;cell@
1638347007665.jpg;1001;94;1126;94;1126;134;1002;134;cell@
1638347007665.jpg;1239;564;1366;564;1367;605;1240;605;cell@
1638347007665.jpg;415;405;542;405;541;445;414;445;cell@
1638347007665.jpg;408;726;537;726;536;767;407;767;cell@
1638347007665.jpg;421;171;545;171;545;211;420;211;cell@
1638347007665.jpg;773;171;879;171;879;211;773;211;cell@
1638347007665.jpg;1232;210;1357;210;1358;249;1232;249;cell@
1638347007665.jpg;667;287;774;287;774;327;667;327;cell@
1638347007665.jpg;1493;326;1619;326;1621;366;1495;366;cell@
1638347007665.jpg;540;444;667;444;666;485;539;485;cell@
1638347007665.jpg;413;524;540;524;539;565;412;565;cell@
1638347007665.jpg;198;564;325;564;324;605;196;605;cell@
1638347007665.jpg;405;849;535;849;534;891;404;891;cell@
1638347007665.jpg;879;484;1005;484;1006;525;879;525;cell@
1638347007665.jpg;1492;287;1618;287;1619;327;1493;327;cell@
1638347007665.jpg;1354;133;1488;133;1489;172;1355;172;cell@
1638347007665.jpg;1136;849;1245;849;1246;891;1136;891;cell@
1638347007665.jpg;71;564;199;564;197;605;69;605;cell@
1638347007665.jpg;1244;849;1374;849;1375;891;1245;891;cell@
1638347007665.jpg;1002;133;1126;133;1127;172;1002;172;cell@
1638347007665.jpg;331;326;418;326;417;366;329;366;cell@
1638347007665.jpg;337;94;423;94;422;134;336;134;cell@
1638347007665.jpg;199;524;326;524;325;565;198;565;cell@
1638347007665.jpg;1239;604;1367;604;1368;645;1240;645;cell@
1638347007665.jpg;664;604;772;604;772;645;664;645;cell@
1638347007665.jpg;403;932;533;932;533;974;402;974;cell@
1638347007665.jpg;1495;365;1621;365;1622;406;1496;406;cell@
1638347007665.jpg;772;524;880;524;880;565;772;565;cell@
1638347007665.jpg;1002;171;1127;171;1127;211;1002;211;cell@
1638347007665.jpg;539;484;666;484;666;525;539;525;cell@
1638347007665.jpg;195;644;323;644;322;686;193;686;cell@
1638347007665.jpg;1234;326;1360;326;1361;366;1235;366;cell@
1638347007665.jpg;196;604;324;604;323;645;195;645;cell@
1638347007665.jpg;90;94;1610;94;1645;974;55;974;table@1
