1638347089650.jpg;144;105;237;116;234;134;141;123;@提货人签字
1638347089650.jpg;283;122;321;127;318;145;281;140;@折扣
1638347089650.jpg;377;134;451;143;449;161;374;152;@大写金额
1638347089650.jpg;489;148;564;157;562;176;486;166;@收件信息
1638347089650.jpg;592;161;686;173;684;191;590;179;@托运人签字
1638347089650.jpg;714;176;808;188;806;207;712;194;@提货人签字
1638347089650.jpg;846;193;902;200;901;218;843;210;@发件人
1638347089650.jpg;950;206;1025;215;1024;234;948;224;@审核时间
1638347089650.jpg;1073;221;1111;226;1109;244;1072;240;@备注
1638347089650.jpg;1168;233;1225;240;1224;258;1167;251;@收件人
1638347089650.jpg;169;128;206;131;203;150;165;145;@67.3
1638347089650.jpg;271;140;327;147;324;165;269;158;@张玉英
1638347089650.jpg;393;155;430;160;427;179;390;174;@赖鑫
1638347089650.jpg;505;169;543;174;540;192;503;187;@70.8
1638347089650.jpg;627;184;646;187;644;206;625;203;@62
1638347089650.jpg;749;200;768;203;766;220;747;218;@56
1638347089650.jpg;843;211;891;217;890;236;842;230;@88.38
1638347089650.jpg;957;226;1014;233;1013;251;956;245;@101243
1638347089650.jpg;1062;239;1119;246;1118;265;1060;257;@678721
1638347089650.jpg;1167;252;1214;258;1213;277;1166;271;@80.73
1638347089650.jpg;165;146;203;151;200;169;162;164;@李丽
1638347089650.jpg;259;158;334;167;331;185;256;177;@东安子鸡
1638347089650.jpg;362;171;455;182;453;201;358;189;@大良炒牛奶
1638347089650.jpg;493;187;540;193;537;211;490;206;@35.29
1638347089650.jpg;606;202;662;209;660;227;603;220;@石兰英
1638347089650.jpg;738;218;775;223;773;242;735;237;@2.24
1638347089650.jpg;842;231;898;239;897;256;840;249;@158.67
1638347089650.jpg;965;246;1003;251;1001;270;964;265;@杨刚
1638347089650.jpg;1070;259;1098;263;1097;282;1068;278;@0.9
1638347089650.jpg;1165;272;1222;279;1222;298;1164;291;@731317
1638347089650.jpg;153;164;200;170;196;188;150;182;@154.0
1638347089650.jpg;265;179;322;185;318;204;262;197;@刘秀荣
1638347089650.jpg;387;194;425;198;421;216;384;211;@马丹
1638347089650.jpg;499;208;537;212;535;231;497;226;@余平
1638347089650.jpg;612;222;650;227;648;246;610;241;@何伟
1638347089650.jpg;745;239;764;241;762;259;743;257;@87
1638347089650.jpg;839;250;897;257;895;276;838;269;@王建军
1638347089650.jpg;964;266;1001;271;1000;290;961;285;@87.9
1638347089650.jpg;1068;279;1106;284;1105;302;1066;298;@赖敏
1638347089650.jpg;1164;292;1222;299;1220;317;1163;309;@189172
1638347089650.jpg;131;181;225;193;222;211;128;199;@五彩炒蛇丝
1638347089650.jpg;262;198;318;205;316;223;259;215;@方建军
1638347089650.jpg;375;211;431;219;428;237;371;230;@739.71
1638347089650.jpg;488;226;544;233;542;251;485;245;@方桂芝
1638347089650.jpg;601;240;657;247;655;266;599;258;@394.82
1638347089650.jpg;724;255;781;263;779;281;722;274;@721.37
1638347089650.jpg;838;270;895;277;893;296;836;289;@杨秀英
1638347089650.jpg;952;285;1000;291;998;308;950;302;@74.33
1638347089650.jpg;1066;299;1105;303;1104;322;1065;317;@0.88
1638347089650.jpg;1163;310;1220;318;1219;337;1161;329;@欧建华
1638347089650.jpg;156;204;193;209;190;227;153;222;@0.81
1638347089650.jpg;268;218;306;223;303;241;266;237;@0.91
1638347089650.jpg;371;231;428;238;426;256;369;249;@816.43
1638347089650.jpg;504;247;523;250;520;268;501;266;@62
1638347089650.jpg;607;261;646;265;644;284;605;279;@赵想
1638347089650.jpg;731;276;769;281;767;300;729;295;@13.4
1638347089650.jpg;836;290;893;297;891;315;834;308;@152.99
1638347089650.jpg;950;303;998;309;996;328;948;322;@154.0
1638347089650.jpg;1065;318;1104;323;1102;342;1064;337;@阳飞
1638347089650.jpg;1161;330;1219;338;1217;356;1160;349;@771382
1638347089650.jpg;143;222;199;229;196;247;140;241;@824.22
1638347089650.jpg;265;238;303;242;300;260;262;255;@0.83
1638347089650.jpg;369;250;425;257;423;276;367;269;@曾丽华
1638347089650.jpg;482;265;530;271;527;289;480;283;@95.26
1638347089650.jpg;605;280;644;285;641;303;603;299;@62.2
1638347089650.jpg;719;295;777;302;774;320;717;313;@刘淑英
1638347089650.jpg;824;307;901;317;898;336;822;326;@无为熏鸭
1638347089650.jpg;967;326;987;328;985;347;966;345;@52
1638347089650.jpg;1053;337;1111;344;1110;363;1052;356;@783878
1638347089650.jpg;1160;350;1207;356;1206;375;1158;369;@354.5
1638347089650.jpg;140;242;196;248;193;267;137;259;@炒水蛇
1638347089650.jpg;271;258;290;260;288;279;269;276;@90
1638347089650.jpg;375;271;413;276;411;295;373;290;@程萍
1638347089650.jpg;479;284;536;292;534;310;477;302;@石兰英
1638347089650.jpg;603;300;641;304;639;323;600;318;@陈波
1638347089650.jpg;717;314;774;321;772;340;715;333;@杨红梅
1638347089650.jpg;842;330;879;335;878;353;839;349;@13.4
1638347089650.jpg;956;344;994;349;993;368;954;363;@83.0
1638347089650.jpg;1052;357;1110;364;1108;383;1051;375;@388.61
1638347089650.jpg;1177;372;1197;375;1196;394;1176;391;@70
1638347089650.jpg;146;262;183;266;180;285;142;280;@23.6
1638347089650.jpg;259;276;296;281;294;300;256;295;@王柳
1638347089650.jpg;373;291;411;296;407;314;370;309;@87.9
1638347089650.jpg;477;303;534;311;531;329;474;322;@246.42
1638347089650.jpg;600;319;639;324;636;343;598;338;@朱晨
1638347089650.jpg;715;334;772;341;770;360;713;353;@赵玉英
1638347089650.jpg;829;348;878;354;876;373;828;367;@28.27
1638347089650.jpg;954;364;993;369;991;388;953;383;@倪强
1638347089650.jpg;1069;379;1089;381;1088;400;1068;398;@51
1638347089650.jpg;1157;390;1214;397;1213;416;1155;409;@刘小红
1638347089650.jpg;133;280;190;288;187;305;130;299;@164.88
1638347089650.jpg;246;295;303;302;301;320;243;313;@128.17
1638347089650.jpg;361;308;417;316;415;335;357;327;@147.54
1638347089650.jpg;474;323;521;329;519;348;471;342;@45.23
1638347089650.jpg;589;338;645;345;643;364;586;357;@398.57
1638347089650.jpg;722;355;760;360;758;379;720;374;@尹阳
1638347089650.jpg;828;368;885;375;883;394;826;387;@张志强
1638347089650.jpg;943;383;991;389;989;408;942;402;@113.0
1638347089650.jpg;1049;396;1097;402;1095;421;1048;415;@23.49
1638347089650.jpg;1155;410;1204;416;1203;436;1154;429;@72.24
1638347089650.jpg;120;299;196;308;193;326;117;317;@东安子鸡
1638347089650.jpg;262;316;281;319;278;337;260;335;@10
1638347089650.jpg;367;330;405;334;402;353;364;348;@陈岩
1638347089650.jpg;471;343;529;350;526;369;469;362;@黄丽娟
1638347089650.jpg;586;358;634;364;632;383;584;376;@423.0
1638347089650.jpg;720;375;758;379;757;398;718;393;@25.3
1638347089650.jpg;835;389;874;394;872;413;833;408;@张彬
1638347089650.jpg;922;400;1018;412;1017;432;920;419;@均安煎鱼饼
1638347089650.jpg;1048;416;1105;423;1104;443;1045;436;@蒋秀云
1638347089650.jpg;1154;430;1212;438;1211;457;1153;449;@780.87
1638347089650.jpg;126;319;183;326;180;345;123;338;@李红梅
1638347089650.jpg;249;335;287;340;285;358;246;354;@王鹏
1638347089650.jpg;364;349;402;354;399;373;361;368;@张柳
1638347089650.jpg;478;364;516;369;514;388;475;383;@31.3
1638347089650.jpg;584;377;640;385;638;404;581;396;@506.19
1638347089650.jpg;708;393;765;401;764;419;706;412;@郑秀芳
1638347089650.jpg;833;409;872;414;870;434;832;429;@9.03
1638347089650.jpg;939;423;988;430;986;448;938;442;@74.09
1638347089650.jpg;1055;438;1094;443;1093;462;1054;457;@马丹
1638347089650.jpg;1152;450;1211;458;1210;476;1151;469;@李小红
1638347089650.jpg;132;340;171;345;167;364;130;359;@魏晶
1638347089650.jpg;237;353;294;361;291;380;234;372;@126.41
1638347089650.jpg;351;368;409;375;405;394;349;387;@方桂芝
1638347089650.jpg;456;381;533;391;530;410;454;400;@北京烤鸭
1638347089650.jpg;580;397;638;405;636;423;578;416;@412642
1638347089650.jpg;715;414;754;419;752;439;713;434;@陈建
1638347089650.jpg;822;429;879;436;878;455;819;448;@向凤英
1638347089650.jpg;938;443;986;449;984;468;935;462;@45.56
1638347089650.jpg;1044;457;1102;464;1101;483;1043;476;@黄红霞
1638347089650.jpg;1151;470;1210;477;1208;497;1150;490;@329.88
1638347089650.jpg;120;359;167;365;164;384;116;377;@90.53
1638347089650.jpg;253;376;272;378;269;397;250;395;@65
1638347089650.jpg;348;388;405;395;403;414;345;407;@双皮奶
1638347089650.jpg;463;402;520;410;518;430;461;421;@874.37
1638347089650.jpg;588;418;627;423;624;443;586;438;@79.7
1638347089650.jpg;713;435;752;440;749;459;711;454;@李帅
1638347089650.jpg;829;450;868;455;865;474;827;469;@9.03
1638347089650.jpg;945;464;984;469;983;489;944;483;@李琴
1638347089650.jpg;1042;477;1091;483;1090;503;1041;496;@65.24
1638347089650.jpg;1150;491;1198;497;1197;516;1148;510;@59.97
1638347089650.jpg;116;378;164;385;160;403;113;397;@40.93
1638347089650.jpg;240;394;278;399;276;418;237;413;@吴颖
1638347089650.jpg;345;408;403;415;400;435;342;428;@张秀珍
1638347089650.jpg;470;424;508;429;506;448;467;443;@62.2
1638347089650.jpg;585;439;624;444;622;463;583;458;@朱东
1638347089650.jpg;702;454;759;461;757;480;699;473;@郭桂芝
1638347089650.jpg;818;468;875;476;874;496;815;488;@112.03
1638347089650.jpg;934;483;992;491;990;510;931;503;@次日达
1638347089650.jpg;1041;497;1090;504;1088;523;1039;516;@190.7
1638347089650.jpg;1158;512;1197;517;1195;537;1157;532;@魏帅
1638347089650.jpg;123;400;160;404;157;423;119;418;@62.2
1638347089650.jpg;237;414;275;419;272;439;233;434;@浦宁
1638347089650.jpg;352;430;391;435;387;454;350;449;@杨帆
1638347089650.jpg;458;443;516;451;513;469;455;462;@双皮奶
1638347089650.jpg;593;460;612;463;609;482;590;479;@82
1638347089650.jpg;708;475;748;480;745;500;707;495;@70.8
1638347089650.jpg;815;489;874;497;871;515;813;508;@邵桂芳
1638347089650.jpg;941;505;981;510;979;530;940;525;@0.91
1638347089650.jpg;1048;519;1088;524;1087;543;1047;538;@81.9
1638347089650.jpg;1127;529;1225;541;1224;561;1126;548;@大良野鸡卷
1638347089650.jpg;109;418;167;425;163;445;106;438;@黄秀兰
1638347089650.jpg;233;435;272;440;269;459;231;454;@傅平
1638347089650.jpg;349;450;387;455;385;473;346;468;@曾琴
1638347089650.jpg;464;464;503;469;501;489;462;483;@23.6
1638347089650.jpg;581;479;619;485;617;504;578;499;@2.14
1638347089650.jpg;697;495;745;501;743;519;694;513;@41.93
1638347089650.jpg;823;510;861;515;860;535;820;530;@金畅
1638347089650.jpg;930;525;979;531;977;550;929;544;@56.34
1638347089650.jpg;1037;538;1087;544;1084;564;1036;558;@55.33
1638347089650.jpg;1145;552;1204;560;1203;580;1144;571;@吴淑珍
1638347089650.jpg;106;439;163;446;160;465;102;458;@547.46
1638347089650.jpg;221;454;269;460;266;479;218;473;@77.54
1638347089650.jpg;356;471;375;473;372;493;353;491;@74
1638347089650.jpg;471;486;491;489;489;508;469;505;@54
1638347089650.jpg;578;500;617;505;615;524;575;519;@0.88
1638347089650.jpg;714;517;733;519;731;539;712;537;@50
1638347089650.jpg;820;531;860;536;858;556;819;550;@0.86
1638347089650.jpg;928;545;977;551;976;571;926;564;@68.48
1638347089650.jpg;1036;559;1094;566;1093;586;1034;578;@黄丽娟
1638347089650.jpg;1154;574;1192;580;1191;598;1152;593;@黄明
1638347089650.jpg;132;92;1260;234;1236;616;67;465;cell@
1638347089650.jpg;132;92;1260;234;1236;616;67;465;table@1
