1638347117068.jpg;107;391;183;378;186;396;109;410;@收件信息
1638347117068.jpg;221;371;317;354;319;373;223;390;@提货人签字
1638347117068.jpg;374;345;412;338;414;355;377;362;@单价
1638347117068.jpg;469;327;565;310;567;329;472;346;@托运人签字
1638347117068.jpg;612;302;649;295;653;313;614;320;@审核
1638347117068.jpg;706;285;745;278;748;297;710;304;@数量
1638347117068.jpg;782;271;878;255;880;272;786;290;@托运人签字
1638347117068.jpg;925;246;962;239;966;258;927;265;@品名
1638347117068.jpg;1019;230;1057;223;1060;240;1023;247;@总价
1638347117068.jpg;1123;210;1180;201;1183;219;1126;229;@审核人
1638347117068.jpg;1255;187;1293;181;1296;199;1258;206;@审核
1638347117068.jpg;1349;171;1386;164;1390;182;1352;188;@审核
1638347117068.jpg;1424;157;1500;144;1503;162;1428;176;@收件电话
1638347117068.jpg;1527;139;1603;126;1606;144;1532;156;@收件地址
1638347117068.jpg;1631;121;1705;107;1710;125;1634;138;@收件电话
1638347117068.jpg;132;427;169;420;172;439;134;445;@现付
1638347117068.jpg;246;406;303;396;306;415;249;425;@739.71
1638347117068.jpg;380;383;418;376;420;394;383;401;@许阳
1638347117068.jpg;494;362;542;353;544;372;497;381;@20.43
1638347117068.jpg;618;341;656;334;659;351;621;358;@何想
1638347117068.jpg;704;325;751;316;754;335;707;344;@40.93
1638347117068.jpg;808;307;865;296;868;314;811;325;@521905
1638347117068.jpg;922;286;978;276;981;294;925;305;@140.56
1638347117068.jpg;1025;268;1064;261;1067;279;1029;286;@7.42
1638347117068.jpg;1130;249;1177;240;1180;259;1133;268;@72.35
1638347117068.jpg;1253;227;1309;217;1312;236;1256;245;@464360
1638347117068.jpg;1347;210;1393;202;1398;220;1350;229;@71.04
1638347117068.jpg;1441;194;1488;185;1491;204;1444;211;@95.68
1638347117068.jpg;1544;175;1601;165;1604;183;1548;193;@158.47
1638347117068.jpg;1647;156;1704;147;1708;165;1652;175;@廖婷婷
1638347117068.jpg;108;471;204;453;207;472;110;489;@提货人签字
1638347117068.jpg;252;445;309;435;312;453;254;463;@李红梅
1638347117068.jpg;386;421;424;414;426;433;388;440;@李洋
1638347117068.jpg;500;401;557;390;560;409;503;419;@128.17
1638347117068.jpg;615;381;662;372;666;390;617;398;@53.27
1638347117068.jpg;709;363;767;353;770;372;713;382;@刘桂花
1638347117068.jpg;815;345;871;335;874;353;817;363;@黄红霞
1638347117068.jpg;928;324;985;314;988;333;931;343;@次日达
1638347117068.jpg;1023;307;1080;298;1083;315;1027;326;@黄丽娟
1638347117068.jpg;1146;285;1184;279;1187;297;1150;304;@陈瑜
1638347117068.jpg;1260;266;1317;255;1320;273;1263;283;@吴玉梅
1638347117068.jpg;1354;248;1410;239;1415;257;1357;267;@万秀珍
1638347117068.jpg;1457;230;1496;223;1499;241;1461;248;@单军
1638347117068.jpg;1552;213;1608;203;1612;221;1555;232;@128.17
1638347117068.jpg;1645;196;1721;183;1725;201;1650;214;@东安子鸡
1638347117068.jpg;143;505;181;498;183;517;145;523;@单价
1638347117068.jpg;267;482;305;475;308;494;270;501;@张欣
1638347117068.jpg;382;462;430;453;432;472;385;480;@64.68
1638347117068.jpg;506;440;564;430;566;447;509;458;@214.81
1638347117068.jpg;621;419;678;409;681;427;623;438;@何淑华
1638347117068.jpg;725;400;764;393;767;412;729;419;@13.4
1638347117068.jpg;821;384;878;373;881;391;824;401;@陈桂荣
1638347117068.jpg;945;361;982;354;985;373;948;380;@25.3
1638347117068.jpg;1039;345;1078;338;1081;355;1043;362;@潘英
1638347117068.jpg;1144;326;1201;315;1204;334;1147;344;@506778
1638347117068.jpg;1267;304;1324;294;1327;311;1270;322;@413.46
1638347117068.jpg;1361;287;1418;276;1421;295;1364;305;@102.64
1638347117068.jpg;1456;270;1503;262;1506;279;1459;288;@612.8
1638347117068.jpg;1569;249;1606;243;1610;261;1572;268;@0.96
1638347117068.jpg;1672;231;1709;224;1714;242;1676;249;@黄斌
1638347117068.jpg;138;545;196;535;198;553;141;564;@发件人
1638347117068.jpg;263;522;311;515;314;533;266;541;@774.5
1638347117068.jpg;398;499;436;492;438;511;400;517;@38.2
1638347117068.jpg;531;475;550;471;553;490;535;494;@42
1638347117068.jpg;637;456;675;449;677;468;639;474;@19.1
1638347117068.jpg;732;439;771;432;773;450;735;457;@石斌
1638347117068.jpg;828;422;885;412;888;430;830;441;@桂秀梅
1638347117068.jpg;951;399;989;393;992;411;954;418;@赖鑫
1638347117068.jpg;1046;383;1085;376;1088;394;1050;401;@6.47
1638347117068.jpg;1151;364;1208;354;1211;372;1154;383;@294.93
1638347117068.jpg;1283;341;1321;334;1324;351;1287;358;@马静
1638347117068.jpg;1378;323;1415;316;1420;335;1381;342;@0.97
1638347117068.jpg;1463;308;1520;298;1523;316;1467;326;@130.23
1638347117068.jpg;1567;290;1624;279;1627;298;1570;307;@万秀珍
1638347117068.jpg;1680;270;1717;263;1722;281;1683;287;@11.7
1638347117068.jpg;125;588;220;571;224;589;127;607;@提货人签字
1638347117068.jpg;269;562;317;553;319;572;272;581;@85.04
1638347117068.jpg;403;538;442;531;444;549;406;556;@赵亮
1638347117068.jpg;528;516;557;511;559;528;531;534;@0.8
1638347117068.jpg;633;497;691;486;693;505;636;516;@刘淑英
1638347117068.jpg;729;480;786;469;789;488;732;498;@李淑英
1638347117068.jpg;853;457;872;453;875;472;856;476;@58
1638347117068.jpg;948;441;1005;430;1008;448;951;458;@刘桂花
1638347117068.jpg;1053;421;1091;415;1094;433;1056;440;@李琴
1638347117068.jpg;1167;401;1205;394;1208;412;1171;419;@0.99
1638347117068.jpg;1281;381;1338;370;1341;389;1285;399;@976746
1638347117068.jpg;1376;363;1423;355;1427;373;1379;382;@72.24
1638347117068.jpg;1480;345;1518;338;1521;356;1484;363;@刘英
1638347117068.jpg;1575;328;1631;318;1635;336;1578;346;@316.39
1638347117068.jpg;1678;309;1735;299;1739;317;1682;328;@740.43
1638347117068.jpg;159;622;198;615;200;634;162;641;@现付
1638347117068.jpg;275;601;333;591;335;610;277;620;@胡海燕
1638347117068.jpg;400;579;458;568;460;587;402;597;@郭桂芝
1638347117068.jpg;525;556;582;546;585;564;527;575;@206.49
1638347117068.jpg;640;535;697;525;700;544;642;554;@张玉英
1638347117068.jpg;735;518;792;509;796;526;739;537;@刘秀荣
1638347117068.jpg;850;498;888;491;891;510;853;517;@6.47
1638347117068.jpg;965;477;1003;470;1006;489;968;496;@13.4
1638347117068.jpg;1050;462;1107;451;1111;470;1054;480;@355.33
1638347117068.jpg;1164;442;1222;431;1225;449;1168;459;@林秀梅
1638347117068.jpg;1279;421;1354;407;1358;426;1282;440;@黄埔炒蛋
1638347117068.jpg;1383;402;1440;391;1443;410;1386;421;@257.16
1638347117068.jpg;1477;385;1534;375;1538;393;1482;403;@718842
1638347117068.jpg;1592;365;1629;358;1633;376;1595;383;@2.46
1638347117068.jpg;1696;346;1733;340;1737;357;1699;364;@徐勇
1638347117068.jpg;164;662;203;655;206;673;167;680;@单价
1638347117068.jpg;299;637;319;634;321;652;302;656;@66
1638347117068.jpg;386;622;482;604;486;623;389;640;@顺德草鱼肠
1638347117068.jpg;540;594;579;587;581;606;543;612;@2.46
1638347117068.jpg;646;575;703;564;706;583;649;593;@黄丽娟
1638347117068.jpg;751;556;789;549;793;567;754;574;@冯宁
1638347117068.jpg;856;536;895;530;898;548;860;555;@许阳
1638347117068.jpg;962;517;1009;510;1012;527;965;536;@91.15
1638347117068.jpg;1057;501;1104;492;1108;511;1060;519;@14.54
1638347117068.jpg;1171;480;1228;470;1232;488;1175;499;@184.99
1638347117068.jpg;1295;458;1343;449;1346;468;1299;476;@36.83
1638347117068.jpg;1390;441;1447;431;1451;449;1394;459;@次日达
1638347117068.jpg;1504;420;1523;417;1527;436;1507;439;@78
1638347117068.jpg;1590;405;1647;394;1650;413;1593;423;@方建军
1638347117068.jpg;1703;385;1741;378;1745;396;1707;403;@陈波
1638347117068.jpg;160;703;219;692;221;711;163;721;@收件人
1638347117068.jpg;286;680;335;671;337;690;289;699;@53.27
1638347117068.jpg;411;657;460;649;462;668;414;676;@40.76
1638347117068.jpg;536;635;595;624;597;643;540;654;@炖禾虫
1638347117068.jpg;652;614;710;604;713;622;655;633;@杨桂花
1638347117068.jpg;748;597;805;586;809;605;751;615;@张丽丽
1638347117068.jpg;853;578;911;567;914;586;857;596;@烤乳猪
1638347117068.jpg;969;557;1026;546;1029;565;972;575;@474.39
1638347117068.jpg;1064;539;1121;529;1125;548;1067;558;@次日达
1638347117068.jpg;1188;517;1227;511;1230;529;1191;536;@程萍
1638347117068.jpg;1312;495;1350;488;1354;507;1315;514;@韩阳
1638347117068.jpg;1417;476;1436;473;1440;491;1420;495;@72
1638347117068.jpg;1492;462;1549;452;1554;471;1497;481;@139.24
1638347117068.jpg;1606;442;1645;435;1648;453;1610;460;@0.86
1638347117068.jpg;1701;425;1749;416;1752;435;1705;444;@96.73
1638347117068.jpg;166;742;224;732;227;750;169;761;@审核人
1638347117068.jpg;291;719;349;709;353;728;295;738;@刘小红
1638347117068.jpg;417;697;476;686;478;705;420;716;@原桂英
1638347117068.jpg;542;674;601;664;604;683;546;693;@赵玉兰
1638347117068.jpg;659;653;716;643;719;662;661;672;@张秀珍
1638347117068.jpg;754;636;812;626;815;644;757;655;@方红梅
1638347117068.jpg;860;617;908;608;911;627;863;636;@189.6
1638347117068.jpg;976;596;1023;587;1026;606;978;615;@52.26
1638347117068.jpg;1090;575;1109;572;1113;591;1093;594;@68
1638347117068.jpg;1185;558;1243;548;1247;566;1189;577;@次日达
1638347117068.jpg;1309;535;1367;525;1371;544;1314;554;@196.66
1638347117068.jpg;1405;518;1462;509;1466;526;1408;537;@裴春梅
1638347117068.jpg;1500;502;1557;491;1561;510;1504;519;@569.72
1638347117068.jpg;1614;481;1652;474;1656;493;1618;500;@常涛
1638347117068.jpg;1709;463;1757;455;1760;473;1713;482;@28.27
1638347117068.jpg;181;780;220;773;223;791;184;798;@品名
1638347117068.jpg;297;759;346;750;349;769;301;778;@42.83
1638347117068.jpg;423;736;472;728;475;746;427;755;@68.58
1638347117068.jpg;558;712;597;705;600;724;562;731;@0.83
1638347117068.jpg;665;693;723;682;725;701;668;712;@程凤兰
1638347117068.jpg;771;674;809;667;813;686;773;692;@孔雷
1638347117068.jpg;876;655;915;648;918;666;880;673;@景磊
1638347117068.jpg;982;636;1040;625;1043;644;985;654;@刘淑英
1638347117068.jpg;1078;618;1125;610;1129;628;1081;637;@64.93
1638347117068.jpg;1192;597;1250;587;1254;606;1197;616;@王玉华
1638347117068.jpg;1317;575;1374;564;1378;583;1321;593;@692.47
1638347117068.jpg;1413;557;1470;547;1473;566;1416;576;@367.86
1638347117068.jpg;1508;540;1565;530;1569;548;1511;559;@张秀珍
1638347117068.jpg;1613;521;1670;512;1673;529;1616;540;@包凤兰
1638347117068.jpg;1717;503;1774;492;1778;511;1721;521;@李淑英
1638347117068.jpg;177;822;235;810;239;830;180;841;@收件人
1638347117068.jpg;303;798;361;788;365;807;307;818;@196.66
1638347117068.jpg;439;774;478;767;481;786;441;793;@0.98
1638347117068.jpg;555;753;613;743;616;761;558;772;@万秀珍
1638347117068.jpg;680;731;710;725;712;744;684;749;@0.8
1638347117068.jpg;767;715;825;704;828;723;770;734;@秦桂珍
1638347117068.jpg;873;696;931;685;934;704;877;714;@赵玉兰
1638347117068.jpg;988;675;1047;665;1050;683;992;694;@515.81
1638347117068.jpg;1085;658;1142;647;1145;666;1088;676;@431.31
1638347117068.jpg;1209;635;1247;628;1251;647;1212;654;@0.87
1638347117068.jpg;1334;612;1372;605;1376;624;1337;631;@66.9
1638347117068.jpg;1430;595;1468;588;1471;607;1433;614;@0.96
1638347117068.jpg;1525;578;1563;571;1567;589;1528;596;@郭倩
1638347117068.jpg;1620;560;1668;552;1671;570;1624;579;@51.65
1638347117068.jpg;1735;539;1763;534;1766;553;1738;558;@4.5
1638347117068.jpg;193;859;231;853;234;871;195;878;@欠付
1638347117068.jpg;319;837;357;830;361;849;321;856;@0.98
1638347117068.jpg;445;814;483;806;487;826;448;833;@13.4
1638347117068.jpg;561;792;619;782;623;801;565;811;@刘小红
1638347117068.jpg;677;772;736;761;738;780;681;790;@499863
1638347117068.jpg;774;754;832;744;835;763;777;773;@446.63
1638347117068.jpg;880;735;937;725;941;743;884;754;@谢玉英
1638347117068.jpg;986;716;1062;702;1066;721;989;735;@无为熏鸭
1638347117068.jpg;1092;697;1149;687;1152;705;1095;716;@592536
1638347117068.jpg;1207;676;1254;667;1259;686;1210;695;@70.43
1638347117068.jpg;1331;654;1379;645;1383;664;1335;672;@10.05
1638347117068.jpg;1428;636;1475;628;1478;646;1431;655;@64.68
1638347117068.jpg;1523;619;1580;608;1583;627;1526;638;@802367
1638347117068.jpg;1637;598;1676;591;1679;610;1641;617;@黎杨
1638347117068.jpg;1733;581;1790;570;1793;589;1736;599;@100.72
1638347117068.jpg;179;903;257;889;259;908;182;922;@发件信息
1638347117068.jpg;325;876;363;869;367;889;327;896;@吴斌
1638347117068.jpg;441;855;499;845;503;864;444;874;@254.22
1638347117068.jpg;577;831;615;824;619;843;580;850;@孙建
1638347117068.jpg;693;809;732;802;735;822;697;829;@4.58
1638347117068.jpg;780;794;829;785;831;804;783;812;@64.68
1638347117068.jpg;896;773;934;766;938;785;899;792;@杨欣
1638347117068.jpg;1002;754;1060;743;1064;762;1006;772;@杨桂花
1638347117068.jpg;1099;736;1147;728;1150;746;1102;755;@95.66
1638347117068.jpg;1186;721;1301;700;1304;719;1189;739;@四川麻婆豆腐
1638347117068.jpg;1348;691;1386;684;1391;703;1352;710;@4.58
1638347117068.jpg;1435;676;1492;665;1496;684;1438;694;@123.31
1638347117068.jpg;1530;658;1578;650;1582;668;1534;677;@86.69
1638347117068.jpg;1645;637;1684;630;1687;649;1649;656;@67.3
1638347117068.jpg;1741;620;1798;610;1801;628;1744;639;@祝桂珍
1638347117068.jpg;184;944;262;929;265;949;188;962;@货运协议
1638347117068.jpg;311;920;389;906;392;925;314;939;@炒水鱼丝
1638347117068.jpg;447;896;505;884;509;904;450;915;@白灼虾
1638347117068.jpg;583;871;622;864;625;882;586;890;@9.03
1638347117068.jpg;690;851;739;843;742;861;693;870;@21.59
1638347117068.jpg;787;834;835;825;838;844;790;853;@27.06
1638347117068.jpg;893;815;941;805;945;825;896;834;@52.68
1638347117068.jpg;1009;793;1067;783;1071;801;1013;812;@王红霞
1638347117068.jpg;1106;776;1163;765;1167;784;1109;794;@320.81
1638347117068.jpg;1221;755;1269;746;1273;765;1224;774;@67.95
1638347117068.jpg;1336;734;1413;720;1417;739;1340;753;@香芋扣肉
1638347117068.jpg;1451;713;1490;706;1494;725;1456;732;@70.8
1638347117068.jpg;1538;698;1586;689;1590;708;1541;716;@66.44
1638347117068.jpg;1643;679;1700;668;1705;687;1647;697;@569.72
1638347117068.jpg;1749;659;1806;649;1810;668;1752;678;@王建平
1638347117068.jpg;200;981;258;971;261;991;202;1001;@审核人
1638347117068.jpg;337;957;375;950;379;969;339;976;@杨刚
1638347117068.jpg;453;935;502;927;505;946;456;955;@90.82
1638347117068.jpg;580;913;628;904;632;923;582;931;@38.81
1638347117068.jpg;696;892;754;880;758;900;700;911;@731317
1638347117068.jpg;804;872;842;865;845;883;806;891;@57.5
1638347117068.jpg;900;854;958;844;961;863;903;873;@474.03
1638347117068.jpg;1026;832;1065;825;1068;844;1029;850;@70.8
1638347117068.jpg;1113;816;1171;805;1174;824;1116;835;@113.66
1638347117068.jpg;1238;793;1276;786;1279;804;1241;811;@9.48
1638347117068.jpg;1363;770;1401;763;1406;782;1366;789;@叶鑫
1638347117068.jpg;1459;753;1498;746;1501;764;1463;771;@0.96
1638347117068.jpg;1565;734;1584;730;1588;749;1568;752;@55
1638347117068.jpg;1651;718;1708;707;1713;726;1655;737;@187.06
1638347117068.jpg;1766;697;1804;690;1808;709;1770;716;@85.5
1638347117068.jpg;186;1025;284;1008;287;1028;189;1045;@托运人签字
1638347117068.jpg;343;997;381;991;385;1009;345;1016;@1.62
1638347117068.jpg;469;974;508;967;512;986;472;994;@85.5
1638347117068.jpg;586;953;635;944;638;963;589;972;@95.29
1638347117068.jpg;722;928;742;924;745;944;725;947;@50
1638347117068.jpg;810;912;849;905;851;924;813;931;@0.98
1638347117068.jpg;907;895;955;885;959;905;910;913;@14.92
1638347117068.jpg;1042;869;1062;866;1065;885;1045;889;@63
1638347117068.jpg;1120;856;1178;845;1181;864;1123;874;@553204
1638347117068.jpg;1236;835;1284;826;1287;845;1239;853;@240.6
1638347117068.jpg;1371;809;1409;802;1412;822;1374;829;@2.24
1638347117068.jpg;1457;794;1514;783;1519;802;1461;812;@张冬梅
1638347117068.jpg;1563;775;1601;768;1605;786;1566;793;@97.5
1638347117068.jpg;1659;757;1706;749;1711;767;1662;776;@55.51
1638347117068.jpg;1773;736;1812;730;1816;748;1778;755;@87.9
1638347117068.jpg;221;1060;260;1053;263;1073;224;1080;@现付
1638347117068.jpg;339;1040;387;1031;390;1050;341;1058;@50.04
1638347117068.jpg;466;1016;514;1007;518;1026;468;1036;@97.88
1638347117068.jpg;592;993;641;984;645;1003;595;1012;@96.88
1638347117068.jpg;709;972;767;961;771;980;712;991;@曾丽华
1638347117068.jpg;807;954;855;946;858;964;810;973;@57.91
1638347117068.jpg;913;934;962;925;966;945;916;954;@113.0
1638347117068.jpg;1030;913;1088;903;1092;922;1033;932;@葛淑兰
1638347117068.jpg;1127;896;1185;885;1188;904;1130;915;@129.65
1638347117068.jpg;1243;874;1301;864;1304;882;1246;894;@桂秀梅
1638347117068.jpg;1378;850;1416;843;1420;862;1381;868;@杜洋
1638347117068.jpg;1474;832;1513;825;1516;844;1477;851;@80.2
1638347117068.jpg;1571;815;1609;807;1612;827;1574;834;@刘丹
1638347117068.jpg;1667;797;1714;788;1719;807;1670;816;@103.9
1638347117068.jpg;1772;778;1830;767;1834;786;1776;796;@高秀梅
1638347117068.jpg;207;1105;286;1090;288;1110;210;1124;@大写金额
1638347117068.jpg;355;1078;393;1071;396;1090;357;1098;@6.25
1638347117068.jpg;472;1056;520;1048;523;1067;474;1076;@85.65
1638347117068.jpg;589;1036;667;1021;670;1040;592;1054;@西湖醋鱼
1638347117068.jpg;716;1012;774;1002;778;1020;718;1032;@124.85
1638347117068.jpg;814;995;862;985;865;1005;816;1013;@85.42
1638347117068.jpg;930;973;969;966;972;985;933;993;@张畅
1638347117068.jpg;1046;952;1085;945;1089;964;1049;971;@叶鑫
1638347117068.jpg;1134;935;1182;927;1185;946;1137;955;@170.4
1638347117068.jpg;1260;913;1298;906;1301;925;1263;931;@卞瑞
1638347117068.jpg;1386;890;1424;882;1427;902;1389;909;@0.91
1638347117068.jpg;1472;874;1521;865;1524;884;1476;893;@199.3
1638347117068.jpg;1569;856;1617;848;1620;866;1572;875;@85.65
1638347117068.jpg;1674;837;1732;827;1735;845;1678;856;@515.81
1638347117068.jpg;1780;818;1838;807;1842;826;1784;837;@谢秀英
1638347117068.jpg;223;1144;282;1134;284;1152;225;1164;@审核人
1638347117068.jpg;351;1120;409;1110;412;1130;353;1140;@秦桂珍
1638347117068.jpg;478;1098;537;1086;539;1106;481;1117;@532.96
1638347117068.jpg;615;1072;654;1066;657;1084;618;1091;@98.1
1638347117068.jpg;712;1054;791;1040;793;1059;716;1074;@腊味合蒸
1638347117068.jpg;829;1033;869;1025;872;1045;833;1052;@金畅
1638347117068.jpg;927;1015;976;1006;978;1025;930;1035;@42.83
1638347117068.jpg;1044;994;1102;983;1105;1002;1047;1013;@244.24
1638347117068.jpg;1150;974;1190;967;1193;986;1154;994;@王伟
1638347117068.jpg;1257;955;1315;944;1319;963;1261;974;@110.27
1638347117068.jpg;1383;931;1441;921;1445;940;1387;951;@482.23
1638347117068.jpg;1489;912;1528;905;1532;924;1493;931;@刘慧
1638347117068.jpg;1577;897;1634;885;1638;905;1580;915;@张桂兰
1638347117068.jpg;1692;875;1730;868;1735;888;1696;894;@陈建
1638347117068.jpg;1788;857;1837;849;1840;867;1792;876;@50.04
1638347117068.jpg;229;1185;288;1174;290;1194;231;1204;@发件人
1638347117068.jpg;357;1162;416;1150;418;1170;359;1180;@王玉兰
1638347117068.jpg;484;1138;533;1130;536;1148;487;1158;@95.79
1638347117068.jpg;622;1113;660;1106;663;1125;624;1133;@申丹
1638347117068.jpg;729;1093;777;1084;781;1104;732;1112;@31.86
1638347117068.jpg;836;1074;876;1067;878;1085;840;1092;@王岩
1638347117068.jpg;934;1055;982;1047;985;1066;937;1075;@61.12
1638347117068.jpg;1061;1033;1099;1025;1103;1045;1064;1051;@39.8
1638347117068.jpg;1147;1016;1207;1006;1210;1024;1152;1036;@165.98
1638347117068.jpg;1275;994;1313;986;1316;1005;1278;1012;@何坤
1638347117068.jpg;1391;972;1449;961;1452;980;1394;991;@170.94
1638347117068.jpg;1487;954;1535;946;1540;964;1490;973;@41.54
1638347117068.jpg;1584;936;1632;927;1636;947;1588;956;@62.45
1638347117068.jpg;1690;917;1748;906;1752;925;1694;936;@109.82
1638347117068.jpg;1806;896;1845;889;1848;908;1809;915;@黎杨
1638347117068.jpg;181;1099;1860;791;1869;833;187;1140;cell@
1638347117068.jpg;114;619;1765;323;1773;362;119;659;cell@
1638347117068.jpg;142;817;1805;516;1813;556;147;857;cell@
1638347117068.jpg;108;580;1757;284;1765;323;114;620;cell@
1638347117068.jpg;176;1057;1852;752;1860;792;182;1100;cell@
1638347117068.jpg;103;540;1749;246;1757;285;108;581;cell@
1638347117068.jpg;192;1180;1877;871;1885;912;199;1222;cell@
1638347117068.jpg;125;698;1781;399;1789;440;131;738;cell@
1638347117068.jpg;170;1017;1844;712;1852;753;176;1058;cell@
1638347117068.jpg;92;463;1734;170;1742;209;97;503;cell@
1638347117068.jpg;119;658;1773;361;1781;400;125;699;cell@
1638347117068.jpg;186;1139;1869;832;1877;872;193;1181;cell@
1638347117068.jpg;153;897;1820;594;1829;635;159;937;cell@
1638347117068.jpg;147;856;1813;555;1821;595;153;898;cell@
1638347117068.jpg;136;777;1797;477;1805;517;142;818;cell@
1638347117068.jpg;159;936;1828;634;1837;674;164;978;cell@
1638347117068.jpg;81;386;1718;94;1726;133;87;425;cell@
1638347117068.jpg;131;737;1789;439;1797;478;136;778;cell@
1638347117068.jpg;97;502;1742;208;1749;247;103;541;cell@
1638347117068.jpg;164;977;1836;673;1844;713;170;1018;cell@
1638347117068.jpg;86;424;1726;132;1734;171;93;464;cell@
1638347117068.jpg;81;386;1718;94;1885;912;199;1222;table@1
