1638347082174.jpg;123;105;180;105;180;123;122;123;@审核人
1638347082174.jpg;228;105;285;105;284;123;227;123;@收件人
1638347082174.jpg;313;105;389;105;389;123;313;123;@发件电话
1638347082174.jpg;418;105;494;105;494;123;418;123;@发件信息
1638347082174.jpg;542;105;599;105;598;123;541;123;@收件人
1638347082174.jpg;665;105;703;105;703;123;665;123;@货物
1638347082174.jpg;751;105;846;105;846;123;751;123;@托运人签字
1638347082174.jpg;894;105;932;105;932;123;894;123;@数量
1638347082174.jpg;989;105;1046;105;1046;123;989;123;@发件人
1638347082174.jpg;1084;105;1160;105;1160;123;1084;123;@审核时间
1638347082174.jpg;1198;105;1236;105;1236;123;1198;123;@品名
1638347082174.jpg;1283;105;1322;105;1322;123;1284;123;@数量
1638347082174.jpg;1360;105;1436;105;1436;123;1360;123;@收件地址
1638347082174.jpg;1464;105;1540;105;1541;123;1465;123;@收件地址
1638347082174.jpg;1569;105;1645;105;1646;123;1569;123;@发件信息
1638347082174.jpg;131;143;169;143;169;162;130;162;@自提
1638347082174.jpg;226;143;284;143;283;162;226;162;@李淑英
1638347082174.jpg;322;143;379;143;378;162;321;162;@681.58
1638347082174.jpg;427;143;474;143;474;162;426;162;@85.81
1638347082174.jpg;550;143;589;143;588;162;550;162;@2.14
1638347082174.jpg;665;143;703;143;703;162;665;162;@赖敏
1638347082174.jpg;770;143;817;143;817;162;770;162;@22.32
1638347082174.jpg;884;143;932;143;932;162;884;162;@85.84
1638347082174.jpg;998;143;1037;143;1037;162;999;162;@赵俊
1638347082174.jpg;1094;143;1151;143;1151;162;1094;162;@炒水蛇
1638347082174.jpg;1189;143;1246;143;1247;162;1189;162;@361966
1638347082174.jpg;1275;143;1332;143;1332;162;1275;162;@秦桂珍
1638347082174.jpg;1370;143;1418;143;1418;162;1371;162;@27.06
1638347082174.jpg;1475;143;1532;143;1533;162;1475;162;@王建平
1638347082174.jpg;1580;143;1637;143;1638;162;1580;162;@龙虎斗
1638347082174.jpg;101;182;197;182;196;200;100;200;@托运人签字
1638347082174.jpg;244;182;263;182;263;200;244;200;@43
1638347082174.jpg;321;182;378;182;377;200;320;200;@向凤英
1638347082174.jpg;426;182;483;182;483;200;425;200;@方建军
1638347082174.jpg;540;182;588;182;588;200;540;200;@189.6
1638347082174.jpg;655;182;712;182;712;200;655;200;@795957
1638347082174.jpg;769;182;817;182;817;200;769;200;@85.84
1638347082174.jpg;884;182;941;182;941;200;884;200;@474413
1638347082174.jpg;989;182;1046;182;1047;200;989;200;@464360
1638347082174.jpg;1104;182;1142;182;1142;200;1104;200;@李荣
1638347082174.jpg;1209;182;1228;182;1228;200;1209;200;@44
1638347082174.jpg;1276;182;1333;182;1333;200;1276;200;@桂秀梅
1638347082174.jpg;1381;182;1419;182;1419;200;1381;200;@王勇
1638347082174.jpg;1486;182;1524;182;1524;200;1486;200;@98.1
1638347082174.jpg;1581;182;1638;182;1639;200;1582;200;@328.92
1638347082174.jpg;119;221;176;221;175;239;118;239;@发件人
1638347082174.jpg;233;221;272;221;271;239;233;239;@11.7
1638347082174.jpg;320;221;377;221;376;239;319;239;@冯桂英
1638347082174.jpg;434;221;473;221;472;239;434;239;@9.27
1638347082174.jpg;540;221;597;221;597;239;539;239;@179644
1638347082174.jpg;664;221;702;221;702;239;664;239;@70.8
1638347082174.jpg;769;221;827;221;827;239;769;239;@164.03
1638347082174.jpg;884;221;941;221;942;239;884;239;@向凤英
1638347082174.jpg;989;221;1047;221;1047;239;989;239;@双皮奶
1638347082174.jpg;1114;221;1133;221;1133;239;1114;239;@44
1638347082174.jpg;1190;221;1238;221;1238;239;1191;239;@95.66
1638347082174.jpg;1276;221;1334;221;1334;239;1277;239;@王玉兰
1638347082174.jpg;1391;221;1410;221;1411;239;1392;239;@57
1638347082174.jpg;1487;221;1525;221;1526;239;1487;239;@1.36
1638347082174.jpg;1592;221;1630;221;1631;239;1593;239;@张彬
1638347082174.jpg;98;259;194;259;193;278;97;278;@托运人签字
1638347082174.jpg;232;259;271;259;270;278;232;278;@80.2
1638347082174.jpg;309;259;386;259;385;278;308;278;@乐从鱼腐
1638347082174.jpg;424;259;481;259;481;278;423;278;@李红梅
1638347082174.jpg;549;259;587;259;587;278;548;278;@李璐
1638347082174.jpg;654;259;712;259;711;278;654;278;@刘秀荣
1638347082174.jpg;769;259;817;259;817;278;769;278;@50.04
1638347082174.jpg;894;259;932;259;932;278;894;278;@黎杨
1638347082174.jpg;1009;259;1028;259;1028;278;1009;278;@88
1638347082174.jpg;1095;259;1143;259;1143;278;1095;278;@93.35
1638347082174.jpg;1191;259;1248;259;1249;278;1191;278;@164.39
1638347082174.jpg;1287;259;1325;259;1326;278;1287;278;@9.27
1638347082174.jpg;1373;259;1431;259;1431;278;1374;278;@794.25
1638347082174.jpg;1478;259;1536;259;1537;278;1479;278;@296.96
1638347082174.jpg;1594;259;1632;259;1633;278;1594;278;@单磊
1638347082174.jpg;116;298;173;298;173;317;115;317;@审核人
1638347082174.jpg;231;298;269;298;269;317;230;317;@13.4
1638347082174.jpg;317;298;365;298;365;317;317;317;@84.94
1638347082174.jpg;442;298;461;298;461;317;442;317;@61
1638347082174.jpg;538;298;596;298;596;317;538;317;@358.51
1638347082174.jpg;663;298;702;298;701;317;663;317;@黄瑞
1638347082174.jpg;769;298;826;298;826;317;769;317;@855.73
1638347082174.jpg;884;298;932;298;932;317;884;317;@193.6
1638347082174.jpg;990;298;1047;298;1048;317;990;317;@杨桂花
1638347082174.jpg;1105;298;1143;298;1144;317;1105;317;@吕梅
1638347082174.jpg;1192;298;1249;298;1250;317;1192;317;@何淑华
1638347082174.jpg;1288;298;1326;298;1326;317;1288;317;@向东
1638347082174.jpg;1374;298;1432;298;1432;317;1375;317;@737734
1638347082174.jpg;1480;298;1537;298;1538;317;1480;317;@338.78
1638347082174.jpg;1576;298;1653;298;1653;317;1576;317;@均安蒸猪
1638347082174.jpg;104;337;181;337;181;356;104;356;@发件信息
1638347082174.jpg;220;337;278;337;277;356;219;356;@冯丽丽
1638347082174.jpg;316;337;374;337;373;356;316;356;@甘桂香
1638347082174.jpg;422;337;480;337;479;356;422;356;@张桂兰
1638347082174.jpg;538;337;595;337;595;356;537;356;@郭桂芝
1638347082174.jpg;653;337;711;337;711;356;653;356;@徐玉珍
1638347082174.jpg;769;337;817;337;817;356;769;356;@17.96
1638347082174.jpg;894;337;932;337;932;356;894;356;@王勇
1638347082174.jpg;1009;337;1029;337;1029;356;1009;356;@75
1638347082174.jpg;1096;337;1154;337;1154;356;1096;356;@112.03
1638347082174.jpg;1192;337;1240;337;1241;356;1192;356;@56.79
1638347082174.jpg;1279;337;1337;337;1337;356;1279;356;@黄桂芝
1638347082174.jpg;1375;337;1433;337;1433;356;1376;356;@飞龙汤
1638347082174.jpg;1481;337;1539;337;1539;356;1481;356;@施桂花
1638347082174.jpg;1587;337;1635;337;1636;356;1587;356;@25.18
1638347082174.jpg;122;377;161;377;160;395;121;395;@提付
1638347082174.jpg;219;377;277;377;276;395;218;395;@356.39
1638347082174.jpg;315;377;363;377;363;395;315;395;@95.79
1638347082174.jpg;431;377;469;377;469;395;430;395;@25.3
1638347082174.jpg;537;377;585;377;585;395;537;395;@95.38
1638347082174.jpg;643;377;720;377;720;395;643;395;@炒水蛇片
1638347082174.jpg;768;377;826;377;826;395;768;395;@501.22
1638347082174.jpg;884;377;932;377;932;395;884;395;@47.37
1638347082174.jpg;990;377;1048;377;1048;395;990;395;@326.52
1638347082174.jpg;1096;377;1145;377;1145;395;1097;395;@50.08
1638347082174.jpg;1212;377;1231;377;1232;395;1212;395;@62
1638347082174.jpg;1280;377;1337;377;1338;395;1280;395;@陆凤英
1638347082174.jpg;1376;377;1434;377;1434;395;1377;395;@132.36
1638347082174.jpg;1492;377;1530;377;1531;395;1492;395;@0.96
1638347082174.jpg;1598;377;1636;377;1637;395;1599;395;@31.3
1638347082174.jpg;101;416;179;416;178;435;101;435;@发件信息
1638347082174.jpg;217;416;275;416;275;435;217;435;@李小红
1638347082174.jpg;324;416;362;416;362;435;323;435;@0.97
1638347082174.jpg;420;416;478;416;478;435;420;435;@李淑兰
1638347082174.jpg;536;416;585;416;584;435;536;435;@70.54
1638347082174.jpg;652;416;710;416;710;435;652;435;@351870
1638347082174.jpg;778;416;817;416;816;435;778;435;@黄斌
1638347082174.jpg;884;416;932;416;933;435;884;435;@189.6
1638347082174.jpg;1010;416;1029;416;1029;435;1010;435;@42
1638347082174.jpg;1097;416;1145;416;1145;435;1097;435;@98.73
1638347082174.jpg;1193;416;1251;416;1252;435;1194;435;@122.54
1638347082174.jpg;1280;416;1329;416;1329;435;1281;435;@10.53
1638347082174.jpg;1387;416;1425;416;1426;435;1387;435;@赖敏
1638347082174.jpg;1474;416;1551;416;1552;435;1474;435;@乐从鱼腐
1638347082174.jpg;1599;416;1638;416;1639;435;1600;435;@7.17
1638347082174.jpg;90;456;187;456;186;474;89;474;@托运人签字
1638347082174.jpg;226;456;264;456;264;474;225;474;@王东
1638347082174.jpg;313;456;371;456;370;474;312;474;@侯秀云
1638347082174.jpg;429;456;468;456;467;474;429;474;@70.8
1638347082174.jpg;516;456;613;456;613;474;516;474;@大良炒牛奶
1638347082174.jpg;652;456;700;456;700;474;652;474;@98.73
1638347082174.jpg;778;456;816;456;816;474;778;474;@朱娜
1638347082174.jpg;875;456;952;456;952;474;874;474;@均安蒸猪
1638347082174.jpg;991;456;1049;456;1049;474;991;474;@黄金凤
1638347082174.jpg;1097;456;1155;456;1156;474;1097;474;@刘秀梅
1638347082174.jpg;1194;456;1242;456;1243;474;1194;474;@54.27
1638347082174.jpg;1291;456;1330;456;1330;474;1291;474;@95.8
1638347082174.jpg;1378;456;1436;456;1437;474;1379;474;@823.47
1638347082174.jpg;1494;456;1533;456;1534;474;1495;474;@王璐
1638347082174.jpg;1610;456;1630;456;1631;474;1611;474;@74
1638347082174.jpg;108;495;166;495;165;514;107;514;@收件人
1638347082174.jpg;215;495;263;495;263;514;214;514;@64.75
1638347082174.jpg;312;495;370;495;369;514;311;514;@143.22
1638347082174.jpg;428;495;467;495;467;514;428;514;@0.97
1638347082174.jpg;535;495;593;495;593;514;535;514;@张丽丽
1638347082174.jpg;651;495;700;495;700;514;651;514;@98.88
1638347082174.jpg;768;495;816;495;816;514;768;514;@71.98
1638347082174.jpg;874;495;952;495;952;514;874;514;@乐从鱼腐
1638347082174.jpg;991;495;1039;495;1040;514;991;514;@142.3
1638347082174.jpg;1098;495;1156;495;1156;514;1098;514;@560713
1638347082174.jpg;1204;495;1243;495;1244;514;1205;514;@0.81
1638347082174.jpg;1282;495;1340;495;1341;514;1282;514;@蒋秀云
1638347082174.jpg;1389;495;1428;495;1428;514;1389;514;@0.98
1638347082174.jpg;1495;495;1534;495;1535;514;1496;514;@王柳
1638347082174.jpg;1612;495;1631;495;1632;514;1613;514;@49
1638347082174.jpg;106;535;165;535;164;554;106;554;@发件人
1638347082174.jpg;213;535;262;535;261;554;213;554;@20.43
1638347082174.jpg;330;535;349;535;349;554;330;554;@90
1638347082174.jpg;427;535;466;535;466;554;427;554;@55.2
1638347082174.jpg;534;535;593;535;592;554;534;554;@陈桂花
1638347082174.jpg;651;535;699;535;699;554;651;554;@691.9
1638347082174.jpg;768;535;826;535;826;554;767;554;@305.58
1638347082174.jpg;894;535;933;535;933;554;894;554;@杨明
1638347082174.jpg;1011;535;1030;535;1030;554;1011;554;@64
1638347082174.jpg;1098;535;1156;535;1157;554;1098;554;@111629
1638347082174.jpg;1205;535;1244;535;1244;554;1205;554;@桑旭
1638347082174.jpg;1283;535;1341;535;1342;554;1283;554;@吴淑珍
1638347082174.jpg;1380;535;1438;535;1439;554;1381;554;@180.95
1638347082174.jpg;1487;535;1536;535;1536;554;1488;554;@95.38
1638347082174.jpg;1594;535;1652;535;1653;554;1595;554;@李桂芳
1638347082174.jpg;105;575;163;575;163;594;104;594;@收件人
1638347082174.jpg;222;575;261;575;260;594;221;594;@9.03
1638347082174.jpg;319;575;358;575;358;594;319;594;@许阳
1638347082174.jpg;417;575;465;575;465;594;416;594;@26.52
1638347082174.jpg;534;575;592;575;592;594;533;594;@许桂珍
1638347082174.jpg;660;575;699;575;699;594;660;594;@31.8
1638347082174.jpg;767;575;816;575;816;594;767;594;@59.97
1638347082174.jpg;884;575;933;575;933;594;884;594;@65.09
1638347082174.jpg;991;575;1040;575;1040;594;992;594;@77.04
1638347082174.jpg;1099;575;1157;575;1157;594;1099;594;@邵桂芳
1638347082174.jpg;1206;575;1245;575;1245;594;1206;594;@0.99
1638347082174.jpg;1284;575;1342;575;1343;594;1284;594;@242.85
1638347082174.jpg;1381;575;1440;575;1440;594;1382;594;@156.76
1638347082174.jpg;1488;575;1547;575;1547;594;1489;594;@辣子鸡
1638347082174.jpg;1595;575;1654;575;1655;594;1596;594;@王秀兰
1638347082174.jpg;113;615;152;615;151;635;112;635;@总价
1638347082174.jpg;211;615;259;615;259;635;210;635;@30.15
1638347082174.jpg;318;615;357;615;357;635;318;635;@刘慧
1638347082174.jpg;416;615;464;615;464;635;415;635;@65.24
1638347082174.jpg;533;615;591;615;591;635;532;635;@106.83
1638347082174.jpg;640;615;718;615;718;635;640;635;@顶骨大鳝
1638347082174.jpg;767;615;816;615;816;635;767;635;@71.29
1638347082174.jpg;884;615;943;615;943;635;884;635;@574879
1638347082174.jpg;982;615;1060;615;1060;635;982;635;@东安子鸡
1638347082174.jpg;1099;615;1158;615;1158;635;1099;635;@陆秀兰
1638347082174.jpg;1206;615;1245;615;1246;635;1207;635;@31.8
1638347082174.jpg;1294;615;1333;615;1334;635;1295;635;@翟成
1638347082174.jpg;1392;615;1431;615;1431;635;1392;635;@83.0
1638347082174.jpg;1499;615;1538;615;1539;635;1500;635;@蒋建
1638347082174.jpg;1597;615;1655;615;1656;635;1598;635;@刘桂花
1638347082174.jpg;102;656;160;656;160;675;101;675;@审核人
1638347082174.jpg;219;656;258;656;258;675;218;675;@阳飞
1638347082174.jpg;317;656;356;656;356;675;316;675;@11.7
1638347082174.jpg;415;656;473;656;473;675;414;675;@449.72
1638347082174.jpg;532;656;591;656;591;675;532;675;@次日达
1638347082174.jpg;659;656;698;656;698;675;659;675;@0.96
1638347082174.jpg;777;656;816;656;816;675;777;675;@金畅
1638347082174.jpg;884;656;933;656;933;675;884;675;@28.27
1638347082174.jpg;1002;656;1041;656;1041;675;1002;675;@李荣
1638347082174.jpg;1109;656;1148;656;1149;675;1109;675;@陶洋
1638347082174.jpg;1197;656;1256;656;1256;675;1198;675;@924617
1638347082174.jpg;1305;656;1324;656;1325;675;1305;675;@49
1638347082174.jpg;1393;656;1432;656;1433;675;1393;675;@王伟
1638347082174.jpg;1491;656;1540;656;1540;675;1491;675;@80.73
1638347082174.jpg;1608;656;1647;656;1648;675;1609;675;@95.8
1638347082174.jpg;81;696;179;696;178;716;80;716;@托运人签字
1638347082174.jpg;208;696;267;696;266;716;207;716;@胡海燕
1638347082174.jpg;316;696;355;696;354;716;315;716;@79.7
1638347082174.jpg;414;696;473;696;472;716;413;716;@郭桂芝
1638347082174.jpg;531;696;590;696;590;716;531;716;@616.05
1638347082174.jpg;659;696;698;696;698;716;659;716;@6.47
1638347082174.jpg;776;696;816;696;816;716;776;716;@向东
1638347082174.jpg;884;696;943;696;943;716;884;716;@王建平
1638347082174.jpg;992;696;1041;696;1041;716;992;716;@85.04
1638347082174.jpg;1100;696;1159;696;1159;716;1100;716;@王建平
1638347082174.jpg;1198;696;1247;696;1247;716;1198;716;@15.97
1638347082174.jpg;1286;696;1345;696;1345;716;1287;716;@145.99
1638347082174.jpg;1384;696;1443;696;1444;716;1385;716;@龙虎斗
1638347082174.jpg;1492;696;1551;696;1551;716;1493;716;@李淑兰
1638347082174.jpg;1610;696;1649;696;1650;716;1610;716;@朱东
1638347082174.jpg;89;737;167;737;167;757;88;757;@大写金额
1638347082174.jpg;207;737;256;737;255;757;206;757;@154.0
1638347082174.jpg;305;737;364;737;363;757;304;757;@519.12
1638347082174.jpg;433;737;452;737;452;757;432;757;@83
1638347082174.jpg;531;737;580;737;580;757;530;757;@45.23
1638347082174.jpg;649;737;708;737;707;757;648;757;@233.51
1638347082174.jpg;766;737;825;737;825;757;766;757;@166253
1638347082174.jpg;884;737;933;737;933;757;884;757;@40.93
1638347082174.jpg;1002;737;1041;737;1042;757;1002;757;@0.92
1638347082174.jpg;1110;737;1150;737;1150;757;1110;757;@刘丹
1638347082174.jpg;1199;737;1258;737;1258;757;1199;757;@286941
1638347082174.jpg;1287;737;1346;737;1346;757;1287;757;@黄桂芝
1638347082174.jpg;1395;737;1434;737;1435;757;1396;757;@陶洋
1638347082174.jpg;1493;737;1542;737;1543;757;1494;757;@66.44
1638347082174.jpg;1611;737;1650;737;1651;757;1612;757;@80.2
1638347082174.jpg;87;778;166;778;165;797;86;797;@支付方式
1638347082174.jpg;215;778;254;778;254;797;214;797;@1.62
1638347082174.jpg;314;778;353;778;352;797;313;797;@90.6
1638347082174.jpg;422;778;461;778;461;797;421;797;@0.97
1638347082174.jpg;530;778;589;778;589;797;530;797;@次日达
1638347082174.jpg;658;778;697;778;697;797;658;797;@王芳
1638347082174.jpg;766;778;825;778;825;797;766;797;@803010
1638347082174.jpg;884;778;943;778;943;797;884;797;@394.92
1638347082174.jpg;993;778;1052;778;1052;797;993;797;@刘秀荣
1638347082174.jpg;1101;778;1150;778;1150;797;1101;797;@44.35
1638347082174.jpg;1219;778;1239;778;1239;797;1219;797;@81
1638347082174.jpg;1288;778;1337;778;1338;797;1288;797;@90.38
1638347082174.jpg;1396;778;1435;778;1436;797;1397;797;@0.93
1638347082174.jpg;1504;778;1544;778;1544;797;1505;797;@朱欣
1638347082174.jpg;1603;778;1662;778;1663;797;1604;797;@陈桂珍
1638347082174.jpg;95;819;155;819;154;839;95;839;@收件人
1638347082174.jpg;224;819;243;819;243;839;223;839;@76
1638347082174.jpg;302;819;362;819;361;839;302;839;@431.31
1638347082174.jpg;421;819;460;819;460;839;420;839;@王伟
1638347082174.jpg;529;819;579;819;578;839;529;839;@22.32
1638347082174.jpg;648;819;707;819;707;839;647;839;@向凤英
1638347082174.jpg;766;819;825;819;825;839;766;839;@351870
1638347082174.jpg;894;819;934;819;934;839;894;839;@0.99
1638347082174.jpg;1003;819;1042;819;1042;839;1003;839;@邓雷
1638347082174.jpg;1101;819;1161;819;1161;839;1102;839;@方桂芝
1638347082174.jpg;1200;819;1259;819;1259;839;1200;839;@王建军
1638347082174.jpg;1289;819;1338;819;1338;839;1289;839;@59.69
1638347082174.jpg;1387;819;1437;819;1437;839;1388;839;@32.36
1638347082174.jpg;1496;819;1555;819;1556;839;1496;839;@叶冬梅
1638347082174.jpg;1614;819;1654;819;1654;839;1615;839;@杜娜
1638347082174.jpg;74;860;173;860;172;880;73;880;@托运人签字
1638347082174.jpg;202;860;262;860;261;880;202;880;@182001
1638347082174.jpg;311;860;351;860;350;880;311;880;@蒋建
1638347082174.jpg;410;860;459;860;459;880;410;880;@65.24
1638347082174.jpg;529;860;578;860;578;880;528;880;@75.43
1638347082174.jpg;647;860;697;860;696;880;647;880;@13.47
1638347082174.jpg;776;860;815;860;815;880;776;880;@陈瑜
1638347082174.jpg;894;860;924;860;924;880;894;880;@1.0
1638347082174.jpg;1003;860;1043;860;1043;880;1003;880;@曾莉
1638347082174.jpg;1102;860;1151;860;1151;880;1102;880;@82.23
1638347082174.jpg;1201;860;1260;860;1260;880;1201;880;@171.75
1638347082174.jpg;1290;860;1339;860;1339;880;1290;880;@30.15
1638347082174.jpg;1388;860;1438;860;1438;880;1389;880;@541.3
1638347082174.jpg;1497;860;1556;860;1557;880;1498;880;@553204
1638347082174.jpg;1606;860;1665;860;1666;880;1607;880;@吕玉梅
1638347082174.jpg;92;902;152;902;151;921;91;921;@发件人
1638347082174.jpg;221;902;241;902;240;921;220;921;@60
1638347082174.jpg;300;902;350;902;349;921;300;921;@71.04
1638347082174.jpg;409;902;468;902;468;921;409;921;@135.59
1638347082174.jpg;528;902;587;902;587;921;528;921;@方桂芝
1638347082174.jpg;647;902;706;902;706;921;647;921;@金桂荣
1638347082174.jpg;775;902;815;902;815;921;775;921;@刘凯
1638347082174.jpg;894;902;934;902;934;921;894;921;@曾琴
1638347082174.jpg;1003;902;1043;902;1043;921;1003;921;@李帅
1638347082174.jpg;1112;902;1152;902;1152;921;1112;921;@0.88
1638347082174.jpg;1201;902;1261;902;1261;921;1202;921;@294.93
1638347082174.jpg;1290;902;1350;902;1350;921;1291;921;@辣子鸡
1638347082174.jpg;1389;902;1449;902;1449;921;1390;921;@874492
1638347082174.jpg;1518;902;1538;902;1539;921;1519;921;@81
1638347082174.jpg;1607;902;1667;902;1667;921;1608;921;@李淑英
1638347082174.jpg;71;943;170;943;169;963;70;963;@提货人签字
1638347082174.jpg;200;943;259;943;259;963;199;963;@111.78
1638347082174.jpg;309;943;349;943;348;963;308;963;@79.7
1638347082174.jpg;408;943;468;943;467;963;408;963;@黄丽娟
1638347082174.jpg;537;943;577;943;577;963;537;963;@40.5
1638347082174.jpg;656;943;696;943;696;963;656;963;@邓雷
1638347082174.jpg;785;943;805;943;805;963;785;963;@74
1638347082174.jpg;884;943;934;943;934;963;884;963;@13.33
1638347082174.jpg;994;943;1043;943;1043;963;994;963;@95.66
1638347082174.jpg;1113;943;1152;943;1153;963;1113;963;@赵亮
1638347082174.jpg;1202;943;1252;943;1252;963;1202;963;@76.82
1638347082174.jpg;1301;943;1341;943;1341;963;1302;963;@35.7
1638347082174.jpg;1391;943;1450;943;1451;963;1391;963;@汪丽娟
1638347082174.jpg;1520;943;1539;943;1540;963;1520;963;@64
1638347082174.jpg;1619;943;1658;943;1659;963;1619;963;@王华
1638347082174.jpg;76;445;1674;445;1676;485;74;485;cell@
1638347082174.jpg;86;210;1664;210;1666;250;84;250;cell@
1638347082174.jpg;66;685;1684;685;1685;727;65;727;cell@
1638347082174.jpg;89;133;1661;133;1663;172;87;172;cell@
1638347082174.jpg;61;808;1689;808;1690;850;60;850;cell@
1638347082174.jpg;68;645;1682;645;1684;686;66;686;cell@
1638347082174.jpg;81;327;1669;327;1671;367;79;367;cell@
1638347082174.jpg;90;95;1660;95;1661;134;89;134;cell@
1638347082174.jpg;63;767;1687;767;1689;809;61;809;cell@
1638347082174.jpg;73;524;1677;524;1679;565;71;565;cell@
1638347082174.jpg;82;288;1668;288;1669;328;81;328;cell@
1638347082174.jpg;71;564;1679;564;1680;605;70;605;cell@
1638347082174.jpg;87;171;1663;171;1664;211;86;211;cell@
1638347082174.jpg;84;249;1666;249;1668;289;82;289;cell@
1638347082174.jpg;58;890;1692;890;1694;933;56;933;cell@
1638347082174.jpg;65;726;1685;726;1687;768;63;768;cell@
1638347082174.jpg;60;849;1690;849;1692;891;58;891;cell@
1638347082174.jpg;56;932;1694;932;1695;974;55;974;cell@
1638347082174.jpg;79;366;1671;366;1672;406;78;406;cell@
1638347082174.jpg;78;405;1672;405;1674;446;76;446;cell@
1638347082174.jpg;74;484;1676;484;1677;525;73;525;cell@
1638347082174.jpg;70;604;1680;604;1682;646;68;646;cell@
1638347082174.jpg;90;95;1660;95;1695;974;55;974;table@1
