508804202.jpg;319;165;559;165;559;185;319;185;text@贰千伍百壹拾肆元贰角壹分
508804202.jpg;59;205;139;205;139;225;59;225;text@提货方式
508804202.jpg;469;208;529;208;529;223;469;223;text@115.98
508804202.jpg;59;245;99;245;99;265;59;265;text@单价
508804202.jpg;139;245;329;245;329;265;139;265;text@[x]贰千肆百元壹角整
508804202.jpg;369;245;559;245;559;265;369;265;text@[x]贰千肆百元壹角整
508804202.jpg;599;245;689;245;689;265;599;265;text@[x]470214
508804202.jpg;739;245;819;245;819;265;739;265;text@[x]40.76
508804202.jpg;59;285;159;285;159;305;59;305;text@提货人签字
508804202.jpg;219;286;309;286;309;304;219;304;text@[x]983222
508804202.jpg;389;286;479;286;479;304;389;304;text@[x]142.16
508804202.jpg;569;286;649;286;649;304;569;304;text@[x]199.3
508804202.jpg;719;286;789;286;789;304;719;304;text@[x]90.6
508804202.jpg;59;325;99;325;99;345;59;345;text@送货
508804202.jpg;469;328;479;328;479;342;469;342;text@R
508804202.jpg;59;365;369;365;369;385;59;385;text@1.西藏自治区玉英县丰都阜新街f座
508804202.jpg;59;385;319;385;319;405;59;405;text@2.壹千壹百叁拾叁元叁角陆分
508804202.jpg;59;405;309;405;309;425;59;425;text@3.辽宁省潮州市山亭盛街C座
508804202.jpg;59;425;319;425;319;445;59;445;text@4.贰千柒百壹拾伍元叁角肆分
508804202.jpg;59;445;309;445;309;465;59;465;text@5.江苏省西宁市华龙李路p座
508804202.jpg;49;485;149;485;149;504;49;504;text@托运人签字
508804202.jpg;69;525;149;525;149;545;69;545;text@大写金额
508804202.jpg;189;525;269;525;269;545;189;545;text@货运协议
508804202.jpg;309;525;389;525;389;545;309;545;text@货运协议
508804202.jpg;449;528;489;528;489;543;449;543;text@81.9
508804202.jpg;569;528;609;528;609;543;569;543;text@6.25
508804202.jpg;699;525;779;525;779;545;699;545;text@黄埔炒蛋
508804202.jpg;189;565;269;565;269;585;189;585;text@大写金额
508804202.jpg;309;565;389;565;389;585;309;585;text@货运协议
508804202.jpg;449;568;489;568;489;583;449;583;text@4.58
508804202.jpg;569;568;609;568;609;583;569;583;text@9.03
508804202.jpg;719;568;759;568;759;583;719;583;text@0.94
508804202.jpg;309;605;389;605;389;625;309;625;text@发件地址
508804202.jpg;449;608;489;608;489;623;449;623;text@3.23
508804202.jpg;569;608;609;608;609;623;569;623;text@8.13
508804202.jpg;719;608;759;608;759;623;719;623;text@0.85
508804202.jpg;69;645;149;645;149;665;69;665;text@收件信息
508804202.jpg;189;645;269;645;269;665;189;665;text@收件信息
508804202.jpg;309;645;389;645;389;665;309;665;text@提货方式
508804202.jpg;449;648;489;648;489;663;449;663;text@0.98
508804202.jpg;549;645;629;645;629;665;549;665;text@东安子鸡
508804202.jpg;719;648;759;648;759;663;719;663;text@19.1
508804202.jpg;309;685;389;685;389;705;309;705;text@发件电话
508804202.jpg;449;688;489;688;489;703;449;703;text@87.9
508804202.jpg;569;688;609;688;609;703;569;703;text@0.99
508804202.jpg;719;688;759;688;759;703;719;703;text@0.95
508804202.jpg;189;725;269;725;269;745;189;745;text@审核时间
508804202.jpg;309;725;389;725;389;745;309;745;text@审核时间
508804202.jpg;449;728;489;728;489;743;449;743;text@0.92
508804202.jpg;569;728;609;728;609;743;569;743;text@1.36
508804202.jpg;309;765;389;765;389;785;309;785;text@提货方式
508804202.jpg;449;768;489;768;489;783;449;783;text@40.5
508804202.jpg;569;768;609;768;609;783;569;783;text@0.88
508804202.jpg;729;765;749;765;749;785;729;785;text@街
508804202.jpg;319;805;559;805;559;825;319;825;text@叁千壹百肆拾贰元玖角叁分
508804202.jpg;309;845;559;845;559;865;309;865;text@浙江省惠州市徐汇长沙路v座
508804202.jpg;89;885;189;885;189;904;89;904;text@托运人签字
508804202.jpg;279;885;359;885;359;905;279;905;text@支付方式
508804202.jpg;449;885;509;885;509;905;449;905;text@发件人
508804202.jpg;609;885;649;885;649;905;609;905;text@现付
508804202.jpg;749;885;789;885;789;904;749;904;text@品名
508804202.jpg;89;925;189;925;189;945;89;945;text@提货人签字
508804202.jpg;289;925;349;925;349;945;289;945;text@黄红霞
508804202.jpg;459;928;499;928;499;943;459;943;text@97.5
508804202.jpg;599;928;659;928;659;943;599;943;text@506778
508804202.jpg;739;928;799;928;799;943;739;943;text@650.74
508804202.jpg;119;965;159;965;159;985;119;985;text@货物
508804202.jpg;299;965;339;965;339;985;299;985;text@余平
508804202.jpg;599;968;649;968;649;983;599;983;text@32.43
508804202.jpg;749;965;789;965;789;985;749;985;text@何想
508804202.jpg;59;1005;119;1005;119;1025;59;1025;text@发件人
508804202.jpg;209;1006;309;1006;309;1024;209;1024;text@[x]1073.65
508804202.jpg;449;1006;529;1006;529;1024;449;1024;text@[x]85.42
508804202.jpg;669;1006;769;1006;769;1024;669;1024;text@[x]1016.64
508804202.jpg;59;1045;139;1045;139;1065;59;1065;text@收件信息
508804202.jpg;439;1048;549;1048;549;1063;439;1063;text@13328651073
508804202.jpg;59;1085;139;1085;139;1105;59;1105;text@收件电话
508804202.jpg;239;1085;319;1085;319;1105;239;1105;text@收件电话
508804202.jpg;549;1088;609;1088;609;1103;549;1103;text@474413
508804202.jpg;404;594;524;594;524;634;404;634;cell@
508804202.jpg;524;714;644;714;644;754;524;754;cell@
508804202.jpg;234;874;404;874;404;914;234;914;cell@
508804202.jpg;114;314;834;314;834;354;114;354;cell@
508804202.jpg;44;914;234;914;234;954;44;954;cell@
508804202.jpg;644;674;834;674;834;714;644;714;cell@
508804202.jpg;164;634;284;634;284;714;164;714;cell@
508804202.jpg;224;1074;334;1074;334;1134;224;1134;cell@
508804202.jpg;554;954;694;954;694;994;554;994;cell@
508804202.jpg;44;1074;154;1074;154;1134;44;1134;cell@
508804202.jpg;404;954;554;954;554;994;404;994;cell@
508804202.jpg;524;634;644;634;644;674;524;674;cell@
508804202.jpg;44;834;834;834;834;874;44;874;cell@
508804202.jpg;334;1074;834;1074;834;1134;334;1134;cell@
508804202.jpg;284;714;404;714;404;754;284;754;cell@
508804202.jpg;44;194;154;194;154;234;44;234;cell@
508804202.jpg;284;754;404;754;404;794;284;794;cell@
508804202.jpg;524;594;644;594;644;634;524;634;cell@
508804202.jpg;164;554;284;554;284;634;164;634;cell@
508804202.jpg;404;554;524;554;524;594;404;594;cell@
508804202.jpg;524;674;644;674;644;714;524;714;cell@
508804202.jpg;44;794;834;794;834;834;44;834;cell@
508804202.jpg;644;514;834;514;834;554;644;554;cell@
508804202.jpg;644;554;834;554;834;594;644;594;cell@
508804202.jpg;164;714;284;714;284;794;164;794;cell@
508804202.jpg;44;874;234;874;234;914;44;914;cell@
508804202.jpg;134;994;834;994;834;1034;134;1034;cell@
508804202.jpg;404;674;524;674;524;714;404;714;cell@
508804202.jpg;404;914;554;914;554;954;404;954;cell@
508804202.jpg;524;754;644;754;644;794;524;794;cell@
508804202.jpg;44;234;114;234;114;274;44;274;cell@
508804202.jpg;44;954;234;954;234;994;44;994;cell@
508804202.jpg;404;634;524;634;524;674;404;674;cell@
508804202.jpg;234;954;404;954;404;994;234;994;cell@
508804202.jpg;404;754;524;754;524;794;404;794;cell@
508804202.jpg;694;954;834;954;834;994;694;994;cell@
508804202.jpg;644;594;834;594;834;634;644;634;cell@
508804202.jpg;644;634;834;634;834;674;644;674;cell@
508804202.jpg;154;1034;834;1034;834;1074;154;1074;cell@
508804202.jpg;44;1034;154;1034;154;1074;44;1074;cell@
508804202.jpg;404;514;524;514;524;554;404;554;cell@
508804202.jpg;284;674;404;674;404;714;284;714;cell@
508804202.jpg;644;754;834;754;834;794;644;794;cell@
508804202.jpg;234;914;404;914;404;954;234;954;cell@
508804202.jpg;404;714;524;714;524;754;404;754;cell@
508804202.jpg;554;914;694;914;694;954;554;954;cell@
508804202.jpg;44;314;114;314;114;354;44;354;cell@
508804202.jpg;554;874;694;874;694;914;554;914;cell@
508804202.jpg;694;874;834;874;834;914;694;914;cell@
508804202.jpg;694;914;834;914;834;954;694;954;cell@
508804202.jpg;154;194;834;194;834;234;154;234;cell@
508804202.jpg;164;514;284;514;284;554;164;554;cell@
508804202.jpg;44;354;834;354;834;474;44;474;cell@
508804202.jpg;524;554;644;554;644;594;524;594;cell@
508804202.jpg;284;594;404;594;404;634;284;634;cell@
508804202.jpg;524;514;644;514;644;554;524;554;cell@
508804202.jpg;44;994;134;994;134;1034;44;1034;cell@
508804202.jpg;44;634;164;634;164;794;44;794;cell@
508804202.jpg;284;634;404;634;404;674;284;674;cell@
508804202.jpg;114;234;834;234;834;274;114;274;cell@
508804202.jpg;644;714;834;714;834;754;644;754;cell@
508804202.jpg;44;154;834;154;834;194;44;194;cell@
508804202.jpg;404;874;554;874;554;914;404;914;cell@
508804202.jpg;154;1074;224;1074;224;1134;154;1134;cell@
508804202.jpg;44;514;164;514;164;634;44;634;cell@
508804202.jpg;44;274;174;274;174;314;44;314;cell@
508804202.jpg;174;274;834;274;834;314;174;314;cell@
508804202.jpg;284;514;404;514;404;554;284;554;cell@
508804202.jpg;284;554;404;554;404;594;284;594;cell@
508804202.jpg;44;154;834;154;834;1134;44;1134;table@1
