608804202.jpg;385;264;608;257;609;276;385;283;text@贰千伍百壹拾肆元贰角壹分
608804202.jpg;144;311;218;308;218;327;143;330;text@提货方式
608804202.jpg;526;300;581;298;582;313;526;315;text@115.98
608804202.jpg;144;349;181;348;182;367;144;368;text@单价
608804202.jpg;219;346;396;340;397;359;219;365;text@[x]贰千肆百元壹角整
608804202.jpg;433;338;611;333;611;352;434;358;text@[x]贰千肆百元壹角整
608804202.jpg;648;331;732;328;732;347;648;350;text@[x]470214
608804202.jpg;779;326;853;324;854;343;779;345;text@[x]40.76
608804202.jpg;144;387;237;384;238;404;144;406;text@提货人签字
608804202.jpg;294;383;378;380;379;397;294;401;text@[x]983222
608804202.jpg;453;378;537;375;538;392;454;395;text@[x]142.16
608804202.jpg;621;371;696;369;697;386;622;388;text@[x]199.3
608804202.jpg;762;366;827;364;828;381;763;383;text@[x]90.6
608804202.jpg;145;426;182;425;183;444;145;445;text@送货
608804202.jpg;530;415;539;415;539;429;530;429;text@R
608804202.jpg;145;464;436;454;437;473;145;484;text@1.西藏自治区玉英县丰都阜新街f座
608804202.jpg;145;484;390;475;390;494;146;503;text@2.壹千壹百叁拾叁元叁角陆分
608804202.jpg;146;503;381;494;381;514;145;523;text@3.辽宁省潮州市山亭盛街C座
608804202.jpg;145;523;391;514;392;533;146;542;text@4.贰千柒百壹拾伍元叁角肆分
608804202.jpg;146;542;382;533;383;553;146;562;text@5.江苏省西宁市华龙李路p座
608804202.jpg;136;582;231;579;232;597;137;600;text@托运人签字
608804202.jpg;156;621;232;618;232;638;157;641;text@大写金额
608804202.jpg;270;617;346;614;346;634;270;637;text@货运协议
608804202.jpg;384;612;460;610;460;630;384;632;text@货运协议
608804202.jpg;517;610;555;609;555;624;517;625;text@81.9
608804202.jpg;631;606;669;605;669;620;631;621;text@6.25
608804202.jpg;754;599;829;596;831;616;755;619;text@黄埔炒蛋
608804202.jpg;271;656;347;654;347;673;271;675;text@大写金额
608804202.jpg;385;652;461;650;462;669;386;671;text@货运协议
608804202.jpg;518;650;556;649;557;664;519;665;text@4.58
608804202.jpg;632;646;670;645;671;660;633;661;text@9.03
608804202.jpg;775;641;813;640;813;655;775;656;text@0.94
608804202.jpg;385;691;462;688;463;708;386;711;text@发件地址
608804202.jpg;519;689;557;688;558;703;520;704;text@3.23
608804202.jpg;634;685;672;684;673;699;635;700;text@8.13
608804202.jpg;777;680;815;679;816;694;778;695;text@0.85
608804202.jpg;157;740;234;737;234;757;158;760;text@收件信息
608804202.jpg;272;735;349;733;349;753;273;755;text@收件信息
608804202.jpg;387;731;464;728;464;748;388;751;text@提货方式
608804202.jpg;521;729;559;728;559;743;521;744;text@0.98
608804202.jpg;617;723;693;720;693;740;617;743;text@东安子鸡
608804202.jpg;779;720;817;719;818;734;779;735;text@19.1
608804202.jpg;388;771;464;768;465;789;388;792;text@发件电话
608804202.jpg;522;769;560;768;561;784;523;785;text@87.9
608804202.jpg;637;765;675;764;676;780;638;781;text@0.99
608804202.jpg;781;760;819;759;820;774;782;775;text@0.95
608804202.jpg;274;816;351;814;351;834;273;836;text@审核时间
608804202.jpg;389;812;466;809;466;829;389;832;text@审核时间
608804202.jpg;524;810;562;809;562;824;524;825;text@0.92
608804202.jpg;639;806;678;805;678;820;639;821;text@1.36
608804202.jpg;390;852;467;849;468;870;391;873;text@提货方式
608804202.jpg;525;850;563;849;564;865;526;866;text@40.5
608804202.jpg;640;846;679;845;679;860;641;861;text@0.88
608804202.jpg;794;838;814;837;814;857;795;858;text@街
608804202.jpg;400;893;632;884;633;904;401;914;text@叁千壹百肆拾贰元玖角叁分
608804202.jpg;392;934;634;925;634;945;393;955;text@浙江省惠州市徐汇长沙路v座
608804202.jpg;179;983;276;979;277;999;179;1003;text@托运人签字
608804202.jpg;364;976;441;973;442;994;364;997;text@支付方式
608804202.jpg;529;970;587;968;588;989;530;991;text@发件人
608804202.jpg;684;965;723;963;724;983;685;985;text@现付
608804202.jpg;820;960;858;958;860;977;821;979;text@品名
608804202.jpg;180;1025;277;1021;277;1041;180;1046;text@提货人签字
608804202.jpg;375;1018;433;1015;433;1036;375;1038;text@黄红霞
608804202.jpg;540;1014;579;1012;579;1028;540;1030;text@97.5
608804202.jpg;676;1009;735;1007;735;1023;677;1025;text@506778
608804202.jpg;812;1004;870;1002;871;1018;813;1020;text@650.74
608804202.jpg;209;1065;248;1063;249;1084;210;1086;text@货物
608804202.jpg;385;1058;424;1057;425;1078;386;1079;text@余平
608804202.jpg;678;1051;727;1049;727;1064;678;1066;text@32.43
608804202.jpg;824;1042;863;1040;863;1061;824;1063;text@何想
608804202.jpg;152;1109;211;1107;210;1128;151;1130;text@发件人
608804202.jpg;299;1105;396;1101;396;1120;298;1124;text@[x]1073.65
608804202.jpg;532;1096;611;1093;612;1111;533;1114;text@[x]85.42
608804202.jpg;747;1087;845;1084;846;1103;749;1106;text@[x]1016.64
608804202.jpg;152;1151;230;1148;231;1169;152;1172;text@收件信息
608804202.jpg;525;1140;632;1137;633;1152;525;1155;text@13328651073
608804202.jpg;152;1193;231;1190;231;1212;152;1215;text@收件电话
608804202.jpg;329;1186;408;1184;408;1205;330;1207;text@收件电话
608804202.jpg;634;1179;693;1177;694;1192;635;1195;text@474413
608804202.jpg;476;677;591;673;592;713;477;717;cell@
608804202.jpg;595;794;710;790;711;829;597;834;cell@
608804202.jpg;320;967;485;961;486;1002;320;1008;cell@
608804202.jpg;196;413;871;389;872;428;197;452;cell@
608804202.jpg;135;1014;320;1008;322;1050;136;1056;cell@
608804202.jpg;709;749;890;742;892;783;710;790;cell@
608804202.jpg;248;725;362;721;364;802;249;806;cell@
608804202.jpg;314;1176;422;1171;424;1235;316;1239;cell@
608804202.jpg;633;1038;769;1033;772;1075;635;1079;cell@
608804202.jpg;137;1182;246;1178;246;1241;138;1246;cell@
608804202.jpg;488;1044;633;1038;635;1079;488;1085;cell@
608804202.jpg;592;713;706;709;709;749;594;753;cell@
608804202.jpg;135;932;899;904;902;945;135;973;cell@
608804202.jpg;422;1171;913;1153;917;1217;424;1235;cell@
608804202.jpg;364;802;480;798;481;838;366;842;cell@
608804202.jpg;129;301;232;298;233;336;130;339;cell@
608804202.jpg;366;842;481;838;482;879;366;883;cell@
608804202.jpg;591;673;705;669;706;709;592;713;cell@
608804202.jpg;247;646;361;642;362;721;248;725;cell@
608804202.jpg;475;638;589;634;591;673;476;677;cell@
608804202.jpg;594;753;709;749;710;790;595;794;cell@
608804202.jpg;134;891;897;864;899;904;135;932;cell@
608804202.jpg;701;590;881;583;883;623;703;630;cell@
608804202.jpg;703;630;883;623;886;663;705;669;cell@
608804202.jpg;249;806;364;802;366;883;250;887;cell@
608804202.jpg;135;973;320;967;320;1008;135;1014;cell@
608804202.jpg;224;1095;908;1070;910;1111;226;1137;cell@
608804202.jpg;479;757;594;753;595;794;480;798;cell@
608804202.jpg;486;1002;632;997;633;1038;488;1044;cell@
608804202.jpg;597;834;711;829;714;870;598;875;cell@
608804202.jpg;130;339;195;337;195;375;130;378;cell@
608804202.jpg;136;1056;322;1050;322;1091;136;1098;cell@
608804202.jpg;477;717;592;713;594;753;479;757;cell@
608804202.jpg;322;1050;488;1044;488;1085;322;1091;cell@
608804202.jpg;481;838;597;834;598;875;482;879;cell@
608804202.jpg;769;1033;905;1028;908;1070;772;1075;cell@
608804202.jpg;705;669;886;663;888;702;706;709;cell@
608804202.jpg;706;709;888;702;890;742;709;749;cell@
608804202.jpg;245;1135;910;1111;913;1153;246;1178;cell@
608804202.jpg;137;1140;245;1135;246;1178;137;1182;cell@
608804202.jpg;474;598;587;594;589;634;475;638;cell@
608804202.jpg;364;761;479;757;480;798;364;802;cell@
608804202.jpg;711;829;894;823;897;864;714;870;cell@
608804202.jpg;320;1008;486;1002;488;1044;322;1050;cell@
608804202.jpg;480;798;595;794;597;834;481;838;cell@
608804202.jpg;632;997;768;992;769;1033;633;1038;cell@
608804202.jpg;130;416;196;413;197;452;131;455;cell@
608804202.jpg;630;956;766;950;768;992;632;997;cell@
608804202.jpg;766;950;902;945;904;987;768;992;cell@
608804202.jpg;768;992;904;987;905;1028;769;1033;cell@
608804202.jpg;232;298;864;275;866;313;233;336;cell@
608804202.jpg;246;606;360;602;361;642;247;646;cell@
608804202.jpg;131;455;872;428;880;544;132;572;cell@
608804202.jpg;589;634;703;630;705;669;591;673;cell@
608804202.jpg;362;681;476;677;477;717;362;721;cell@
608804202.jpg;587;594;701;590;703;630;589;634;cell@
608804202.jpg;136;1098;224;1095;226;1137;137;1140;cell@
608804202.jpg;134;730;248;725;250;887;134;891;cell@
608804202.jpg;362;721;477;717;479;757;364;761;cell@
608804202.jpg;195;337;866;313;869;351;195;375;cell@
608804202.jpg;710;790;892;783;894;823;711;829;cell@
608804202.jpg;129;263;862;237;864;275;129;301;cell@
608804202.jpg;485;961;630;956;632;997;486;1002;cell@
608804202.jpg;246;1178;314;1176;316;1239;246;1241;cell@
608804202.jpg;132;611;246;606;248;725;134;730;cell@
608804202.jpg;130;378;252;373;252;411;130;416;cell@
608804202.jpg;252;373;869;351;871;389;252;411;cell@
608804202.jpg;360;602;474;598;475;638;361;642;cell@
608804202.jpg;361;642;475;638;476;677;362;681;cell@
608804202.jpg;129;263;862;237;917;1217;138;1246;table@1
